,tng1x,tng1y,tng2x,tng2y,tng3x,tng3y,tng4x,tng4y,tng5x,tng5y,tng6x,tng6y,tng7x,tng7y,tng8x,tng8y,tng9x,tng9y,tng10x,tng10y,tng11x,tng11y,tng12x,tng12y,tng13x,tng13y,tng14x,tng14y,tng15x,tng15y,tng16x,tng16y,tng17x,tng17y,tng18x,tng18y,tng19x,tng19y,tng20x,tng20y,tng21x,tng21y,tng22x,tng22y,tng23x,tng23y,tng24x,tng24y,tng25x,tng25y,tng26x,tng26y,tng27x,tng27y,tng28x,tng28y,tng29x,tng29y,tng30x,tng30y,tng31x,tng31y,tng32x,tng32y,tng33x,tng33y,tng34x,tng34y,tng35x,tng35y,tng36x,tng36y,tng37x,tng37y,tng38x,tng38y,tng39x,tng39y,tng40x,tng40y,ulp1x,ulp1y,ulp2x,ulp2y,ulp3x,ulp3y,ulp4x,ulp4y,ulp5x,ulp5y,ulp6x,ulp6y,ulp7x,ulp7y,ulp8x,ulp8y,ulp9x,ulp9y,ulp10x,ulp10y,ulp11x,ulp11y,ulp12x,ulp12y,ulp13x,ulp13y,ulp14x,ulp14y,ulp15x,ulp15y,llp1x,llp1y,llp2x,llp2y,llp3x,llp3y,llp4x,llp4y,llp5x,llp5y,llp6x,llp6y,llp7x,llp7y,llp8x,llp8y,llp9x,llp9y,llp10x,llp10y,llp11x,llp11y,llp12x,llp12y,llp13x,llp13y,llp14x,llp14y,llp15x,llp15y,llp16x,llp16y,llp17x,llp17y,llp18x,llp18y,llp19x,llp19y,llp20x,llp20y,llp21x,llp21y,llp22x,llp22y,llp23x,llp23y,llp24x,llp24y,llp25x,llp25y,plt1x,plt1y,plt2x,plt2y,plt3x,plt3y,plt4x,plt4y,plt5x,plt5y,plt6x,plt6y,plt7x,plt7y,plt8x,plt8y,plt9x,plt9y,plt10x,plt10y,plt11x,plt11y,plt12x,plt12y,plt13x,plt13y,plt14x,plt14y,plt15x,plt15y,plt16x,plt16y,plt17x,plt17y,plt18x,plt18y,plt19x,plt19y,plt20x,plt20y,plt21x,plt21y,plt22x,plt22y,plt23x,plt23y,plt24x,plt24y,plt25x,plt25y,plt26x,plt26y,plt27x,plt27y,plt28x,plt28y,plt29x,plt29y,plt30x,plt30y,upw1x,upw1y,upw2x,upw2y,upw3x,upw3y,upw4x,upw4y,upw5x,upw5y,upw6x,upw6y,upw7x,upw7y,upw8x,upw8y,upw9x,upw9y,upw10x,upw10y,upw11x,upw11y,upw12x,upw12y,upw13x,upw13y,upw14x,upw14y,upw15x,upw15y,upw16x,upw16y,upw17x,upw17y,upw18x,upw18y,upw19x,upw19y,upw20x,upw20y,upw21x,upw21y,upw22x,upw22y,upw23x,upw23y,upw24x,upw24y,upw25x,upw25y,upw26x,upw26y,upw27x,upw27y,upw28x,upw28y,atw1x,atw1y,atw2x,atw2y,atw3x,atw3y,atw4x,atw4y,atw5x,atw5y,atw6x,atw6y,atw7x,atw7y,atw8x,atw8y,atw9x,atw9y,atw10x,atw10y,atw11x,atw11y,atw12x,atw12y,atw13x,atw13y,atw14x,atw14y,atw15x,atw15y,atw16x,atw16y,atw17x,atw17y,atw18x,atw18y,atw19x,atw19y,atw20x,atw20y,atw21x,atw21y,atw22x,atw22y,atw23x,atw23y,atw24x,atw24y,atw25x,atw25y,atw26x,atw26y,atw27x,atw27y,atw28x,atw28y,atw29x,atw29y,atw30x,atw30y
1,56,140,56,135,55,130,54,126,53,121,51,117,47,113,45,109,42,105,39,101,43,99,47,97,52,95,56,94,61,92,64,89,68,86,73,84,78,84,82,83,87,83,91,86,96,88,100,90,102,95,105,98,109,102,111,106,112,111,113,116,114,121,114,126,114,130,115,135,112,139,108,142,104,145,100,148,96,150,94,154,32,75,29,78,27,82,24,86,22,90,22,95,25,98,30,98,33,95,35,91,38,88,42,84,44,81,48,77,49,73,76,168,70,166,64,164,58,161,52,159,46,157,39,156,34,153,29,148,27,142,29,136,31,130,33,124,34,117,29,113,28,108,31,103,37,103,42,108,44,114,47,119,48,126,46,132,43,137,46,142,51,66,57,69,64,70,71,73,77,75,84,76,91,75,97,77,104,79,111,82,115,87,116,94,119,100,120,107,118,113,112,109,110,102,106,96,101,92,96,87,91,82,84,81,77,80,70,78,64,79,59,84,54,88,48,92,43,96,37,93,116,64,117,71,117,78,118,85,120,91,121,98,123,105,124,112,125,119,126,126,126,133,127,139,128,146,129,156,129,156,123,155,118,159,119,166,123,171,126,177,127,183,128,190,129,196,131,202,135,208,139,213,145,214,149,209,97,154,101,151,105,149,110,147,114,143,116,139,119,135,123,133,122,137,121,142,119,147,115,150,114,155,112,160,111,165,108,169,112,171,115,176,115,180,112,184,111,189,113,193,116,197,120,200,122,205,123,210,125,214,127,218,123,220,118,222
2,56,140,57,136,55,131,55,126,55,122,52,118,49,114,47,110,44,106,41,102,42,99,47,98,51,95,55,93,60,92,63,88,68,86,72,84,77,84,81,83,86,83,91,85,95,87,99,90,102,94,104,98,107,102,110,106,111,111,113,115,113,120,113,125,114,130,114,134,112,139,109,142,104,144,101,147,97,150,95,154,32,75,29,78,27,82,24,86,22,90,22,95,25,98,30,98,33,95,35,91,38,88,41,84,45,81,48,78,49,73,76,168,70,166,64,164,58,161,52,159,45,158,39,156,34,153,30,148,28,142,29,135,32,129,34,123,33,117,28,114,28,108,33,104,39,104,44,109,45,115,48,121,49,127,46,133,42,139,47,142,51,66,57,69,64,70,71,73,77,75,84,76,91,76,98,77,104,80,110,83,114,88,115,95,119,101,120,108,117,113,112,109,109,102,105,96,100,92,95,87,90,82,83,82,77,81,70,78,63,79,59,84,54,89,48,93,42,96,37,93,116,65,117,72,117,79,119,85,120,92,121,99,123,106,124,112,125,119,126,126,126,133,127,140,128,146,129,156,129,156,123,156,119,160,120,167,123,173,127,178,127,184,128,190,130,197,132,202,135,208,139,213,145,214,149,209,97,153,100,151,104,148,109,146,112,143,115,139,119,135,122,132,122,137,120,141,118,146,116,150,113,154,111,159,110,163,108,168,111,171,113,176,115,180,113,185,112,189,114,194,117,198,120,201,122,206,123,210,126,215,127,218,123,220,118,222
3,56,142,58,138,57,134,55,130,55,125,53,121,50,118,48,113,45,110,43,106,43,102,47,98,51,97,55,95,58,92,62,91,66,88,70,86,75,86,79,87,84,88,88,90,91,93,94,97,97,100,101,103,103,107,106,111,108,115,109,119,110,123,111,128,111,133,111,137,109,141,106,145,102,148,100,151,96,154,96,158,31,75,28,79,26,83,23,86,22,91,23,95,26,98,31,97,34,94,37,90,40,87,42,83,46,81,48,77,49,72,76,170,70,169,64,166,59,163,53,160,47,159,40,158,34,155,29,151,28,145,28,139,31,133,34,128,35,121,32,116,28,113,31,107,37,106,43,109,45,115,47,121,48,127,47,133,44,139,47,143,51,66,57,68,64,71,71,73,77,75,84,76,91,76,98,77,104,80,110,83,114,89,115,96,118,102,120,108,117,114,112,109,109,103,106,97,101,92,96,87,91,83,84,81,77,80,70,79,63,79,59,84,54,89,48,93,42,96,37,92,117,66,118,73,118,80,120,87,121,94,122,101,124,108,126,115,126,122,127,129,127,136,128,143,129,150,130,159,130,159,125,160,122,165,123,171,126,177,127,183,129,189,130,195,130,201,132,206,136,211,141,214,147,212,150,207,97,157,100,154,102,149,106,147,110,144,113,141,116,137,119,135,118,139,117,144,114,148,113,153,113,158,112,162,109,166,106,170,105,174,109,177,113,180,116,183,114,188,113,192,116,196,118,201,120,205,122,209,125,214,127,218,124,221,119,222
4,56,143,58,139,57,135,55,131,54,126,52,123,50,119,47,115,45,111,43,107,43,103,45,99,49,97,54,97,58,94,61,92,65,90,69,88,74,88,78,88,83,89,87,91,90,94,93,98,96,101,99,104,102,107,105,111,106,115,108,119,109,124,109,128,110,132,110,137,108,141,106,145,103,148,100,152,97,155,96,159,31,75,27,78,26,82,24,86,21,90,22,95,26,97,30,97,34,95,37,91,40,87,42,83,46,81,48,77,49,72,76,171,70,170,64,167,58,165,52,162,46,159,40,158,34,156,29,152,27,146,27,140,31,134,34,129,34,123,32,118,28,114,31,108,37,106,42,110,45,116,47,121,48,128,47,134,44,139,47,144,51,66,58,68,64,71,71,73,77,75,84,76,91,76,98,77,104,80,111,83,114,89,117,96,119,102,120,109,118,114,113,109,109,103,106,97,101,92,96,88,91,83,84,81,77,81,70,80,63,79,59,84,54,89,48,93,42,96,37,91,117,67,118,74,118,81,120,88,121,95,123,102,125,109,126,116,127,123,128,130,128,138,129,145,130,152,131,161,131,161,126,162,123,167,123,173,126,178,127,184,129,189,130,195,130,201,131,207,135,212,141,214,146,211,150,207,97,160,99,156,101,152,106,151,109,147,111,142,115,140,119,139,116,141,114,146,112,150,111,155,111,160,112,165,112,170,108,173,105,177,104,182,109,182,113,183,116,187,115,191,115,196,117,201,119,205,122,209,123,213,126,218,124,221,119,223
5,55,143,58,140,57,135,55,131,54,127,52,123,50,119,48,115,45,111,43,107,43,103,45,99,49,99,54,98,57,95,61,93,65,90,69,89,73,88,78,88,82,90,86,92,90,95,93,98,96,101,99,105,102,108,105,112,107,116,108,120,110,124,110,129,110,133,110,138,108,142,105,146,102,149,101,153,97,156,96,160,31,75,28,78,25,82,23,86,21,91,22,95,26,97,30,97,34,95,37,91,40,87,43,84,46,81,48,77,49,72,76,171,70,169,64,166,58,164,52,161,46,159,39,157,33,155,28,151,27,144,28,138,32,133,34,127,34,120,29,117,27,112,32,107,38,106,42,111,45,117,47,122,48,129,46,135,42,140,47,144,51,66,58,68,64,71,71,73,77,75,84,76,91,76,98,78,104,81,110,84,114,90,117,96,120,102,120,109,118,114,113,109,109,103,105,97,101,92,96,87,91,83,84,81,77,81,70,80,63,80,58,84,53,89,47,93,42,96,37,91,118,67,118,74,118,82,120,89,121,96,123,103,125,110,126,117,127,125,128,132,128,139,129,146,130,154,132,163,132,163,126,163,123,168,123,174,126,179,127,184,129,190,130,196,131,201,132,207,136,212,141,214,146,211,150,207,98,160,100,156,102,153,107,152,110,147,112,143,115,139,119,137,117,139,116,144,114,148,111,153,111,158,111,163,110,168,108,172,106,177,104,181,108,183,113,183,117,186,116,191,114,195,116,200,118,204,121,208,123,213,125,217,123,221,118,222
6,55,143,57,139,56,135,55,130,53,126,52,122,50,118,47,114,44,111,43,107,42,102,46,100,50,99,55,98,58,95,63,93,66,91,70,89,75,89,79,90,84,91,88,93,91,96,94,99,98,103,101,106,104,109,106,113,107,117,109,122,110,126,110,131,111,135,110,139,108,143,105,146,103,150,101,154,97,156,96,160,31,75,28,78,25,82,23,87,21,91,22,95,26,98,30,98,34,95,37,91,40,88,42,84,46,81,48,77,49,72,76,171,70,170,64,167,58,164,52,161,46,158,39,157,33,155,28,151,26,145,28,139,30,133,34,128,35,121,31,116,27,113,30,107,36,106,41,109,44,115,46,121,48,127,46,133,43,139,46,144,51,66,58,68,64,71,71,73,77,75,84,76,91,76,98,78,104,81,111,83,114,90,117,96,120,102,121,109,119,114,114,109,111,102,107,97,102,92,96,87,91,83,84,81,77,81,70,80,63,80,59,85,53,89,48,94,42,96,37,91,118,67,118,74,118,82,120,89,121,96,123,103,125,110,126,117,127,125,128,132,128,139,129,146,130,154,132,164,132,164,127,163,123,168,123,173,125,179,127,184,129,190,130,196,131,202,132,207,136,212,141,214,146,211,150,206,98,160,100,156,103,153,108,152,109,148,112,143,116,140,119,137,118,140,116,145,113,149,112,154,112,159,111,163,111,168,109,172,106,176,104,181,106,184,111,184,116,186,117,190,116,195,116,200,118,204,120,209,122,213,125,218,123,221,118,223
7,55,143,58,140,57,135,55,131,55,127,52,123,51,119,48,115,45,112,43,108,43,103,45,100,50,99,54,98,58,96,62,94,65,91,70,89,74,89,79,89,83,90,87,92,91,95,94,99,97,102,99,106,103,108,105,112,107,116,109,120,110,125,110,129,111,134,110,138,109,142,106,146,103,149,100,153,97,156,96,160,31,74,28,78,26,82,24,86,22,90,22,95,25,98,30,97,34,95,37,92,40,88,42,84,46,81,48,77,49,72,76,171,70,169,64,167,58,164,52,161,46,159,39,157,33,155,28,151,26,145,28,139,31,133,34,127,35,121,30,117,26,113,30,108,36,106,41,109,44,115,47,121,48,127,46,133,43,139,46,144,51,66,57,69,64,70,71,73,77,75,84,76,91,76,98,78,104,81,110,83,114,89,118,95,120,102,121,108,118,113,113,108,110,101,106,96,101,91,96,87,90,82,83,81,76,81,70,80,63,79,58,85,54,90,48,94,42,96,37,91,118,67,117,74,118,81,120,88,121,96,123,103,125,110,126,117,127,124,128,132,128,139,129,146,130,154,132,166,132,166,127,164,123,168,122,174,125,179,126,184,128,190,130,195,131,201,131,207,135,211,140,214,145,211,149,207,99,161,101,157,105,156,109,154,111,149,113,145,117,142,121,141,119,145,116,148,113,152,113,157,112,162,111,167,110,172,107,176,105,180,104,185,109,186,113,185,116,188,117,193,115,198,116,202,119,206,121,211,123,215,126,219,123,222,118,223
8,56,143,58,139,57,135,56,130,54,126,52,122,50,118,48,115,44,111,44,107,43,103,47,100,51,99,55,98,59,95,63,94,66,90,70,89,75,89,79,89,84,90,87,93,90,96,94,99,97,102,100,106,103,109,105,112,107,117,109,121,109,125,110,130,111,134,110,138,108,142,106,146,103,149,100,153,97,156,96,160,31,75,27,78,25,82,22,86,21,91,22,95,26,98,31,98,34,95,37,91,40,87,43,83,47,81,49,77,49,72,76,171,70,169,63,167,57,164,51,161,45,158,39,156,33,155,28,151,26,145,27,138,30,132,34,127,34,121,30,117,26,113,30,108,36,106,41,109,44,115,46,121,47,127,46,133,43,139,46,144,51,66,58,68,64,70,71,73,77,75,84,76,91,75,98,77,104,79,111,81,115,86,119,92,121,99,122,106,120,111,115,106,112,100,108,94,102,90,97,86,91,82,84,81,77,80,70,79,63,80,58,85,53,89,48,94,42,96,37,91,118,67,118,74,118,82,120,89,122,96,124,103,125,110,126,117,127,125,128,132,128,139,129,146,130,154,132,166,132,166,127,164,123,168,121,174,124,178,126,183,128,189,129,195,130,200,131,206,135,211,140,214,145,211,149,207,99,162,102,158,106,156,110,154,110,149,113,145,117,143,121,143,118,146,115,150,113,155,113,160,113,165,111,169,109,173,106,178,105,182,104,187,109,186,114,185,116,189,118,194,115,198,116,203,119,207,121,211,123,215,126,219,123,223,118,224
9,56,143,59,140,58,136,56,132,55,128,52,124,51,119,48,116,45,113,44,109,45,104,47,100,51,100,55,99,59,96,63,94,66,91,70,89,75,88,79,89,84,90,87,92,91,96,94,99,97,102,100,106,103,109,105,113,106,117,108,122,109,126,110,130,111,135,110,139,108,143,105,146,102,149,100,153,97,157,97,161,31,74,28,78,26,82,23,86,20,90,21,95,25,98,29,97,34,95,37,91,40,87,43,83,47,81,49,77,49,72,76,170,70,168,64,166,57,163,51,161,45,158,39,156,33,155,28,150,26,144,27,138,30,132,34,127,34,120,29,117,26,112,31,108,37,106,42,109,44,115,47,121,48,127,47,133,43,138,46,143,51,66,58,68,64,71,71,73,77,75,84,76,91,75,98,76,104,78,111,78,117,83,120,89,122,96,123,103,121,109,115,105,112,99,108,93,103,88,97,85,91,82,84,81,77,80,70,79,63,80,58,85,54,90,48,93,42,96,37,91,118,66,117,73,117,81,121,87,123,94,123,101,125,109,126,116,126,123,127,131,128,138,129,145,130,153,132,166,132,166,127,163,120,166,117,171,119,177,125,179,128,185,128,192,130,198,131,205,134,210,138,213,144,210,150,207,98,161,100,157,103,153,107,151,109,147,112,144,116,141,117,143,113,146,112,151,111,155,111,160,110,164,109,169,108,173,105,177,103,181,106,184,110,185,115,186,117,189,116,194,115,198,118,202,119,206,122,210,124,214,126,218,124,222,119,223
10,56,143,58,140,57,135,55,131,54,127,52,123,50,119,47,116,45,112,47,108,47,104,51,102,55,101,59,98,63,97,65,93,69,91,73,89,77,89,82,89,86,91,89,94,92,97,95,100,98,104,101,106,103,110,104,114,106,118,108,122,108,126,109,131,110,135,109,139,108,143,105,147,102,149,99,153,97,157,97,161,31,75,27,78,25,82,22,86,20,91,21,95,25,98,30,98,34,95,37,92,39,87,42,84,46,81,49,77,49,72,75,169,68,167,62,165,56,162,50,159,43,157,37,155,31,153,26,147,26,141,27,134,31,129,34,123,33,116,27,115,23,111,27,106,34,104,40,106,43,112,45,118,47,124,46,131,43,137,45,143,51,66,58,68,64,71,71,74,78,75,85,76,92,75,98,77,105,78,112,78,118,83,121,89,123,96,123,103,120,108,116,103,113,97,108,92,103,88,97,85,90,82,83,81,76,79,69,79,62,79,59,85,54,90,48,93,42,96,37,91,118,65,117,72,118,80,121,87,123,93,124,101,125,108,126,116,126,123,127,130,128,138,129,145,130,153,132,166,132,166,127,163,121,165,118,171,119,177,125,180,129,186,129,192,130,199,132,205,135,210,139,214,145,210,150,206,98,162,99,157,102,154,106,152,107,147,110,144,114,141,117,142,113,144,111,148,110,153,110,158,108,163,108,167,107,172,105,176,103,180,103,185,107,185,112,185,116,188,117,193,117,197,116,201,118,205,120,209,124,213,125,218,123,221,118,222
11,53,142,55,138,54,134,53,130,52,126,52,122,50,118,47,114,45,110,46,106,49,103,52,101,56,99,60,96,63,93,67,90,70,88,74,86,79,86,83,86,87,88,90,91,93,94,97,97,99,101,101,104,104,108,104,113,105,117,106,121,105,126,105,130,104,134,105,137,103,141,102,145,100,149,99,153,96,157,95,161,30,74,26,77,24,82,21,86,18,91,19,96,23,99,28,98,33,97,35,92,38,88,42,84,46,81,49,77,49,72,76,171,69,169,62,167,55,164,49,160,42,157,36,154,29,151,25,145,25,137,26,130,32,125,31,118,25,116,19,113,21,107,26,102,33,102,39,105,42,111,43,119,46,125,45,132,41,138,45,143,51,66,58,68,64,70,70,72,77,74,84,75,91,75,97,76,104,78,110,79,116,83,119,89,122,95,123,102,119,107,115,102,111,96,106,91,101,88,95,84,89,81,82,81,76,79,69,79,62,80,58,85,53,90,47,94,41,96,37,91,117,66,118,73,119,81,121,88,123,95,125,102,126,110,127,117,127,124,129,132,129,139,129,146,130,154,132,165,132,165,127,163,121,167,118,172,121,177,126,180,128,186,129,193,131,199,132,205,134,210,140,213,145,210,150,206,98,161,99,156,103,153,107,151,108,147,112,143,115,141,114,145,112,150,111,155,110,159,110,164,108,169,105,172,103,177,102,182,103,185,108,184,113,184,116,187,116,192,114,196,116,200,118,204,121,208,122,213,125,217,127,221,123,223,118,224
12,53,142,55,138,56,134,54,131,53,126,51,123,51,119,52,114,53,110,54,106,57,103,60,100,63,98,67,95,70,92,74,91,77,88,81,86,86,86,90,86,94,88,97,91,100,94,104,97,106,100,108,104,110,108,111,112,111,116,110,121,109,125,108,129,107,133,105,137,103,141,102,145,101,149,99,153,96,157,96,160,30,74,26,78,23,81,20,86,18,91,19,96,23,99,28,98,33,97,36,92,39,88,42,84,46,82,49,77,49,72,75,171,68,169,62,166,55,162,49,159,42,156,35,154,29,150,25,144,25,137,27,130,31,125,31,118,24,117,18,114,20,107,27,104,34,103,40,105,43,112,44,119,47,125,45,132,41,138,45,142,51,66,57,68,64,70,70,72,77,75,84,75,90,75,97,76,103,79,109,78,115,81,118,87,121,94,123,100,119,105,114,101,110,96,106,91,100,87,95,83,88,82,81,81,75,80,68,78,61,79,58,85,53,90,47,94,42,97,37,92,118,67,118,75,119,82,121,89,123,97,125,104,126,111,127,119,128,126,129,134,129,141,131,149,131,156,133,166,133,166,128,163,122,166,118,172,120,177,126,180,128,186,129,192,130,199,132,205,134,211,139,213,145,210,150,206,97,163,98,158,102,155,105,153,106,148,109,145,110,140,112,135,114,140,115,145,112,150,110,155,110,160,109,165,109,171,107,176,106,181,104,186,106,187,112,186,117,186,117,191,115,196,116,201,119,205,121,210,123,215,126,219,122,223,117,224
13,52,142,55,138,54,134,53,130,52,126,51,122,50,117,48,113,46,110,46,106,49,103,52,100,56,98,60,96,64,94,67,90,70,88,74,87,79,85,83,86,87,88,90,90,93,93,97,96,99,100,102,104,104,107,104,112,106,116,107,120,106,124,105,129,105,133,105,136,103,140,102,144,100,148,99,152,97,156,95,160,30,74,26,78,23,82,20,86,18,91,19,96,23,99,28,98,33,97,36,92,39,88,42,84,46,81,49,77,49,72,75,171,68,168,62,165,55,162,48,160,42,156,35,154,28,151,24,145,24,138,25,131,29,125,32,119,27,114,20,114,19,108,24,103,31,102,38,104,41,110,43,117,46,123,44,130,41,137,44,142,52,66,58,68,65,71,71,73,78,74,85,75,92,75,98,76,104,78,111,77,116,81,120,87,123,93,123,100,120,106,115,102,112,96,107,91,101,87,96,84,90,81,83,81,76,79,70,79,63,79,59,85,54,90,48,93,42,96,37,91,119,67,118,74,119,82,122,89,124,96,125,104,126,111,127,119,128,126,129,134,129,141,130,149,130,157,133,166,133,166,127,163,121,164,118,170,119,176,124,179,127,185,128,191,130,198,131,204,134,209,139,213,145,210,150,206,98,163,99,158,103,156,106,154,107,149,110,146,112,141,116,140,116,145,113,149,111,153,111,158,109,163,108,168,108,173,106,177,106,182,105,187,108,186,113,186,116,189,117,194,115,199,117,203,119,207,122,211,124,216,126,220,122,223,117,223
14,52,142,55,138,53,135,52,130,52,126,51,121,49,117,46,114,43,110,40,107,40,103,44,101,48,99,52,96,55,93,58,90,62,87,66,86,70,84,75,85,79,86,83,89,87,92,90,95,92,99,94,103,98,106,100,110,101,114,102,119,102,123,102,128,102,132,103,137,102,141,101,145,101,150,99,154,96,157,94,161,31,75,28,79,25,82,23,87,21,91,22,96,26,98,31,98,34,95,37,91,40,88,43,84,46,81,49,77,49,72,76,170,70,167,64,165,57,163,51,161,45,158,39,155,33,154,27,150,25,144,24,138,27,132,30,126,31,120,28,115,26,110,30,105,36,104,41,108,42,115,46,120,46,127,44,132,41,138,44,142,52,66,59,68,65,71,71,73,78,74,85,75,92,75,98,76,105,77,112,77,117,81,121,87,123,93,124,100,120,106,115,102,112,96,108,91,102,87,96,83,90,81,83,81,77,79,70,78,63,79,59,84,54,89,49,93,43,95,37,91,119,66,117,73,119,80,122,87,124,94,124,101,125,109,126,116,127,124,128,131,128,139,129,146,130,154,131,163,131,163,126,160,120,163,117,169,119,175,125,178,128,183,129,190,130,197,131,203,134,209,138,214,144,212,149,207,98,161,99,156,103,154,107,153,108,148,111,145,113,140,116,138,117,142,115,147,112,151,112,156,111,160,109,165,108,170,107,175,105,180,105,184,110,183,114,184,116,188,114,193,115,197,117,202,119,206,121,211,124,215,126,219,122,222,117,223
15,53,142,56,138,54,134,53,130,53,126,52,121,49,118,46,114,44,110,41,107,42,103,44,99,49,98,52,95,55,92,59,88,62,85,66,84,71,83,75,84,80,85,83,88,86,92,89,95,93,98,95,102,98,106,100,109,100,114,101,118,101,123,101,127,101,132,103,136,102,140,102,145,100,149,99,154,96,157,95,161,31,75,27,78,25,82,23,86,21,90,22,95,26,97,30,97,34,95,37,91,40,88,42,84,46,80,48,77,49,72,75,171,69,169,63,167,57,164,51,161,45,159,39,156,33,155,27,152,25,146,25,139,28,134,32,128,33,122,30,117,27,112,31,108,37,106,41,110,43,116,46,122,48,128,45,134,41,140,46,143,52,67,59,68,65,71,72,73,78,74,85,75,92,75,99,77,105,79,112,78,116,83,120,89,123,95,124,102,120,107,115,103,112,97,107,92,102,88,96,84,90,82,83,81,76,79,69,79,62,79,58,84,54,90,48,93,42,96,37,91,119,66,117,73,118,81,122,87,123,95,124,102,125,110,126,117,127,125,128,132,128,140,130,147,130,155,131,162,131,162,126,159,120,162,118,168,120,174,125,178,128,184,129,191,130,197,131,204,134,210,139,214,145,211,150,207,98,161,100,157,105,155,108,151,108,146,112,143,113,138,116,136,118,141,116,146,114,151,113,156,113,161,112,166,110,171,108,175,106,180,104,185,108,184,114,183,117,186,116,192,114,196,117,200,119,205,121,210,123,215,126,219,123,222,118,224
16,53,142,55,138,54,134,53,129,52,125,50,121,48,117,45,113,42,109,39,106,41,103,44,99,48,97,52,94,55,91,58,88,62,86,66,83,71,83,75,84,80,86,83,89,86,92,89,96,92,100,94,103,98,106,99,110,100,115,101,119,101,124,101,129,101,133,103,137,103,141,101,146,100,150,99,154,95,158,95,162,30,74,27,78,24,81,23,85,21,90,22,94,25,97,30,97,34,94,37,91,40,87,42,84,46,80,48,77,48,72,75,172,69,169,63,167,57,164,51,162,45,159,39,156,33,155,28,151,25,146,25,139,27,133,31,128,32,122,29,116,26,111,31,107,37,105,41,110,44,116,45,122,47,129,43,134,40,140,45,143,52,67,59,68,65,70,72,73,78,75,85,75,92,75,98,77,105,79,111,79,116,85,120,90,123,96,123,103,118,107,114,102,110,97,106,91,100,88,95,83,89,81,82,81,75,79,69,78,62,79,58,85,54,90,48,93,42,96,37,91,118,66,118,73,119,81,121,88,123,95,125,102,125,110,126,117,127,124,128,132,128,139,129,146,130,154,132,164,132,164,126,162,120,163,117,170,119,176,124,178,128,184,129,191,129,197,131,204,134,209,139,213,144,210,150,206,99,162,101,157,105,155,107,151,108,146,113,144,114,139,117,140,116,145,114,149,113,154,112,159,111,164,109,169,107,173,105,178,103,183,106,185,111,184,115,185,117,189,114,194,115,198,117,203,120,207,122,212,125,216,127,220,123,223,118,224
17,52,141,54,137,53,132,53,128,52,123,50,119,47,116,44,111,41,109,38,105,36,101,40,99,44,96,48,95,52,92,56,89,60,87,64,85,69,85,73,85,78,87,82,89,85,92,89,96,92,99,94,103,98,106,100,110,100,114,101,119,101,124,100,128,100,133,103,136,103,141,101,145,101,150,99,154,95,157,94,161,30,75,27,78,24,82,23,86,21,91,22,95,25,98,30,97,34,95,36,91,40,88,42,84,46,81,48,77,48,72,75,170,69,168,63,166,57,163,51,160,45,158,39,155,33,154,28,150,24,145,24,138,26,132,30,127,31,120,29,115,25,109,29,105,35,103,40,108,42,113,45,119,45,126,43,132,41,137,44,142,52,67,59,69,65,71,72,73,78,74,85,75,92,75,98,78,105,79,112,81,116,86,119,92,122,98,123,105,118,108,114,103,110,98,105,93,100,89,95,84,89,82,82,81,75,79,69,78,62,79,59,85,54,89,48,92,42,96,37,91,117,66,118,73,119,81,121,88,123,95,125,102,125,110,126,117,127,124,128,132,129,139,129,146,131,154,132,165,132,165,126,163,120,166,118,172,120,177,126,180,128,186,129,193,131,199,132,205,135,211,140,214,145,210,150,206,99,162,101,158,105,156,108,153,109,148,113,145,114,140,117,141,116,146,114,151,113,155,112,160,111,165,110,170,107,174,105,179,103,183,105,186,110,184,115,185,118,188,116,193,114,197,117,201,119,206,122,209,123,214,126,218,123,222,118,223
18,52,141,54,137,53,133,53,128,53,123,51,119,48,115,45,112,41,109,38,106,38,102,41,99,45,96,49,95,53,92,57,89,61,87,65,85,70,85,74,85,79,86,82,89,86,92,89,96,92,99,94,103,98,106,100,110,99,114,100,119,100,123,100,128,101,132,102,137,102,141,102,146,101,150,99,154,95,156,93,160,31,75,27,78,25,82,23,86,21,90,22,95,26,97,31,97,34,95,37,91,40,88,43,84,46,81,48,76,49,72,75,170,69,168,63,166,57,163,51,161,45,158,40,155,33,155,28,152,25,146,24,140,26,134,30,129,32,123,31,117,27,112,29,107,36,105,41,109,43,115,45,121,46,127,43,133,41,138,45,142,52,67,59,69,65,71,72,73,78,75,85,76,92,75,98,77,104,79,111,80,116,85,119,91,122,98,122,104,118,108,114,103,110,98,106,93,100,89,95,84,89,82,82,81,76,79,69,78,62,79,59,84,54,89,48,93,42,96,37,91,118,66,118,74,120,81,122,88,124,96,125,103,127,110,127,118,128,125,129,133,129,140,130,148,131,155,132,165,132,165,127,162,121,165,118,171,120,176,126,179,128,185,128,192,130,198,132,205,134,211,139,214,145,210,150,206,99,162,101,158,105,155,108,152,109,148,113,145,116,141,118,142,116,147,114,151,113,155,112,160,111,165,109,169,107,173,105,178,104,182,106,185,111,185,115,187,117,191,116,195,115,200,118,204,121,208,122,212,125,216,127,220,123,222,118,223
19,52,141,54,137,53,133,53,128,52,124,51,119,48,116,45,113,42,109,40,105,40,101,43,99,47,96,51,94,55,91,59,89,62,86,67,85,71,85,76,85,80,87,84,89,86,93,89,96,93,99,95,103,98,106,100,110,100,115,102,119,101,123,101,128,101,132,103,136,103,141,101,145,100,149,99,154,95,156,94,160,30,74,27,78,24,81,22,85,20,90,21,94,25,97,29,97,34,95,37,92,40,88,42,84,45,81,48,77,48,72,74,170,68,168,62,165,56,163,50,160,44,157,38,155,31,154,27,149,24,143,25,137,27,131,30,125,32,119,27,115,25,109,30,106,36,104,40,109,42,115,45,121,45,128,43,133,39,139,44,142,52,67,59,68,65,71,71,73,78,74,85,75,91,75,98,77,104,78,111,78,116,82,119,88,123,94,123,101,119,106,115,101,110,96,106,91,100,88,95,84,89,81,83,81,76,79,70,78,63,78,59,84,54,88,49,92,43,95,37,91,118,66,118,74,120,81,122,88,124,95,125,103,126,110,127,118,128,125,129,133,129,141,130,148,130,156,132,165,132,165,126,162,121,164,117,170,120,176,125,179,128,185,129,192,130,198,131,204,134,210,139,213,145,210,150,206,99,161,101,157,105,155,109,153,110,148,113,145,116,142,120,142,117,146,115,150,113,154,113,159,112,164,110,168,109,173,107,177,105,181,107,184,112,184,116,186,116,190,115,195,116,200,118,204,120,208,122,212,125,216,127,220,123,222,118,223
20,53,141,55,137,54,133,54,129,52,125,51,120,48,117,45,114,41,111,40,107,38,103,41,100,45,97,49,95,53,93,57,91,61,88,65,87,70,87,74,87,79,88,83,91,86,94,89,97,93,100,96,104,99,106,102,109,104,114,105,118,107,122,107,127,107,131,107,136,107,141,106,145,103,149,100,152,96,154,94,158,30,74,27,78,23,81,20,85,19,90,21,94,24,98,29,98,33,96,37,92,39,88,43,84,46,80,49,76,48,72,74,169,68,167,62,164,55,162,49,159,43,156,37,154,31,153,26,148,24,142,24,135,27,129,31,124,30,118,25,115,24,109,29,105,36,104,40,108,43,114,46,120,45,127,43,133,39,138,44,141,53,67,60,67,66,70,72,73,79,74,85,75,92,75,99,76,105,77,112,78,117,82,121,88,123,94,123,101,119,107,115,102,111,97,107,91,101,88,96,84,90,81,83,81,77,80,70,78,63,78,59,83,54,88,49,92,43,94,37,91,119,65,118,72,119,80,123,87,125,94,125,102,126,109,127,117,128,124,128,132,129,139,130,147,130,154,130,160,130,160,124,158,119,161,118,168,121,173,126,177,127,183,128,190,129,196,131,203,134,209,138,214,144,213,149,208,99,158,102,154,107,152,109,148,112,144,115,141,116,136,120,137,120,142,118,146,115,151,114,155,112,160,111,165,109,169,107,174,104,178,107,181,112,181,115,184,115,189,114,194,115,199,118,203,121,207,122,211,124,216,127,220,123,222,118,224
21,54,141,56,137,55,133,54,128,53,124,51,120,49,116,46,113,43,109,43,105,43,101,46,98,50,96,54,94,58,92,62,89,66,87,70,86,75,86,79,87,84,88,87,91,91,93,94,96,97,100,100,103,103,107,105,111,107,115,109,119,110,123,110,128,110,132,110,137,109,141,106,145,103,148,100,151,96,153,95,157,30,74,27,78,24,82,21,86,19,90,20,95,24,98,29,98,34,97,37,93,39,88,42,84,47,81,49,77,49,72,75,169,69,167,62,164,56,162,50,159,44,156,37,154,31,153,26,148,24,141,25,135,28,129,31,123,31,116,25,115,22,110,27,105,33,104,40,106,42,112,45,118,46,125,44,131,41,137,44,141,52,67,59,68,65,71,72,73,78,74,85,75,92,75,98,77,105,78,111,80,116,85,120,91,122,97,123,104,119,109,115,104,111,98,107,92,102,88,96,85,90,81,83,81,77,79,70,79,63,79,59,85,54,89,48,93,42,96,37,91,119,66,117,73,118,80,121,87,123,94,124,102,125,109,126,117,127,124,128,131,128,139,129,146,130,154,130,159,130,159,124,158,119,163,118,169,122,174,126,178,128,184,128,191,129,197,132,203,134,209,139,214,144,213,149,208,99,159,102,155,106,154,110,151,111,146,115,143,118,140,122,140,120,144,117,148,116,152,115,157,114,162,112,166,110,170,107,174,105,179,108,181,112,182,115,185,115,190,114,195,115,199,118,203,121,207,122,212,124,216,127,219,123,222,119,224
22,53,141,55,137,55,133,53,128,53,124,51,120,49,116,48,112,45,108,45,105,47,101,51,99,55,97,58,94,62,92,66,90,70,87,74,86,79,85,83,86,87,88,91,89,95,92,98,95,101,98,104,102,106,105,108,109,109,114,110,118,110,122,110,127,109,131,109,136,108,140,105,143,102,147,100,150,97,154,95,158,30,75,27,79,24,83,20,86,19,91,20,95,25,98,30,98,34,96,36,92,40,88,43,84,47,81,49,77,49,72,75,169,69,166,62,164,56,161,50,159,44,156,37,154,31,152,26,147,24,140,24,134,28,128,31,122,31,116,24,115,22,109,27,105,34,103,40,106,42,112,45,118,46,125,44,131,41,137,44,141,52,66,58,68,65,71,72,73,78,74,85,75,92,75,99,77,105,79,112,80,116,85,119,91,122,97,123,104,119,109,114,104,111,97,107,92,101,88,96,84,90,81,83,81,76,79,69,79,63,80,58,85,53,90,48,94,41,96,37,91,119,66,118,73,119,81,122,88,123,95,125,102,126,110,126,117,128,125,128,132,129,140,130,147,130,155,131,162,131,162,125,160,120,164,118,170,121,175,126,178,127,185,128,191,130,197,131,204,134,209,139,214,145,212,149,207,99,161,102,157,106,156,110,153,110,148,114,145,116,141,120,141,119,146,116,150,114,154,114,159,112,164,110,168,108,173,106,177,104,182,107,184,112,183,116,185,117,190,114,194,115,199,118,203,121,207,122,212,125,216,127,220,123,223,118,224
23,53,141,55,137,54,133,54,128,52,124,51,120,49,116,46,112,44,109,41,105,43,102,47,99,51,98,55,96,60,96,64,95,68,94,72,92,76,91,80,89,84,90,89,91,93,93,96,96,99,99,102,102,106,105,107,109,109,114,110,118,110,122,110,127,110,131,110,136,109,140,106,143,103,147,100,150,97,153,95,157,30,74,27,78,24,82,21,86,20,90,21,95,25,98,30,98,33,96,37,93,40,89,43,84,46,80,49,77,49,72,75,169,68,168,62,165,56,162,50,159,44,156,38,154,31,153,26,148,24,141,24,135,27,129,31,124,33,117,27,114,23,111,27,106,33,103,39,105,42,111,44,117,46,124,45,130,41,136,44,141,52,66,58,68,65,71,71,73,78,74,85,75,92,75,98,76,104,79,111,80,115,85,119,91,122,97,122,104,120,109,115,104,112,98,107,93,102,88,96,85,91,82,84,81,77,80,70,79,64,80,59,84,54,89,48,93,42,95,37,91,118,66,118,73,119,81,121,88,123,95,124,102,125,110,126,117,127,124,128,132,128,139,129,146,130,154,131,163,131,163,125,160,120,163,118,169,120,175,125,178,127,185,128,191,130,197,131,204,134,209,139,214,145,212,149,207,100,163,101,158,106,157,108,153,109,148,114,146,116,142,119,141,117,146,114,150,114,154,114,159,111,163,110,168,108,173,106,177,105,182,105,185,110,184,115,185,117,189,115,194,115,199,117,203,120,207,122,211,125,215,127,219,123,222,118,223
24,54,142,56,138,55,134,54,129,53,125,52,120,49,116,46,113,43,110,42,105,40,101,42,98,47,98,52,98,56,98,61,99,65,97,69,97,74,96,78,95,83,95,87,96,92,98,96,100,99,103,102,106,106,109,109,113,110,117,112,121,113,126,112,130,113,134,112,139,110,143,106,146,104,150,101,153,97,155,95,159,31,75,27,78,25,82,24,87,22,91,23,96,26,98,31,98,34,95,38,91,41,88,43,84,47,81,49,77,49,72,75,171,69,169,63,166,57,163,51,160,45,158,39,156,33,154,28,150,25,144,25,138,27,132,31,126,34,121,32,115,27,112,30,107,36,105,41,109,43,115,47,120,46,127,45,133,42,138,45,143,52,67,59,68,66,71,72,73,79,75,86,76,93,75,99,78,106,80,112,81,117,86,120,93,121,100,122,107,121,113,116,108,113,101,109,96,104,90,98,87,92,83,85,82,78,80,72,79,65,79,59,83,55,89,49,92,43,95,37,91,118,66,118,73,119,81,121,88,123,95,124,102,125,110,126,117,127,124,128,132,128,139,129,146,130,154,131,162,131,162,125,160,120,163,119,169,121,175,126,179,127,185,128,191,130,197,131,203,134,209,138,213,144,211,149,207,101,161,103,157,107,156,111,154,111,149,114,146,119,145,123,143,121,147,117,150,116,154,115,158,113,162,111,166,109,170,107,174,106,179,109,181,113,182,115,186,115,191,114,195,116,199,118,203,120,207,122,211,125,214,126,218,123,221,119,223
25,57,144,59,140,58,136,56,131,55,127,53,123,51,119,48,115,46,111,44,107,45,103,49,101,54,102,58,102,63,102,67,100,71,98,76,97,80,97,85,98,89,97,93,99,98,101,101,105,104,108,108,110,111,114,114,117,116,121,118,126,119,130,119,135,118,139,115,143,113,146,109,149,105,151,102,155,98,156,97,160,31,74,28,78,27,82,24,86,22,90,23,94,27,97,31,97,35,95,37,91,40,87,43,84,47,81,48,77,49,72,76,172,70,170,64,168,58,165,52,162,46,160,40,158,34,156,29,152,27,146,28,140,32,134,36,130,37,124,34,118,29,115,32,110,38,108,43,111,45,117,48,122,49,129,48,135,45,140,48,145,51,66,58,68,64,71,71,74,78,75,85,76,92,75,99,78,105,80,112,81,116,87,120,93,123,100,124,107,121,113,116,109,113,102,109,97,104,91,98,88,93,83,86,82,79,80,72,79,64,79,59,84,55,89,49,93,42,96,37,92,117,65,118,72,118,80,121,87,123,94,124,101,125,109,126,116,127,123,128,131,128,138,129,145,130,153,131,162,131,162,125,160,119,163,118,169,120,175,126,179,128,185,128,191,130,197,131,204,135,209,139,214,145,211,150,207,102,162,106,159,110,160,112,156,113,151,117,148,122,146,126,146,124,150,120,152,117,155,117,160,116,165,112,167,108,170,106,174,106,179,109,182,114,182,117,185,117,190,115,193,114,198,117,202,119,206,122,210,124,214,127,218,123,220,118,222
26,57,144,59,140,59,135,56,131,55,127,54,122,51,118,47,115,45,111,42,107,40,103,43,100,48,99,52,100,57,101,62,100,66,99,71,98,76,97,81,97,85,99,90,99,94,102,98,104,101,107,105,111,109,113,112,116,115,120,117,125,118,129,119,134,118,138,115,142,112,146,109,150,105,152,102,156,97,156,97,161,31,75,28,79,26,83,24,87,22,91,24,95,27,98,31,97,35,95,38,91,41,87,43,84,47,81,48,76,49,72,76,172,70,171,64,167,59,164,53,161,47,159,40,158,34,156,29,152,27,146,28,140,32,134,36,130,38,123,36,118,30,116,32,110,37,107,42,110,45,116,49,121,49,128,48,134,45,139,48,144,52,67,59,69,66,71,72,73,79,75,86,76,93,75,99,78,106,81,112,82,116,88,119,95,122,101,123,108,120,114,115,109,112,103,108,97,104,91,98,88,93,83,86,82,79,81,72,79,65,79,60,83,55,89,49,92,42,95,37,91,117,65,117,72,119,80,121,87,123,94,124,101,125,108,126,116,127,123,128,131,128,138,129,145,130,153,131,163,131,163,125,160,120,163,117,169,120,175,126,178,128,184,129,191,130,197,131,204,134,210,139,213,145,210,150,206,101,162,105,159,110,159,112,155,113,150,117,147,121,145,126,144,123,148,119,151,117,155,116,160,115,164,112,168,110,172,107,176,106,181,109,183,114,183,117,186,118,190,115,194,115,198,117,203,119,206,122,211,124,215,127,218,124,221,119,223
27,59,144,60,140,59,135,57,131,55,126,53,123,53,118,50,115,52,111,50,107,52,103,56,102,61,103,65,102,69,100,73,98,78,96,82,95,87,95,91,93,95,95,99,98,102,101,105,104,109,108,112,111,114,115,117,119,120,122,121,127,120,131,121,136,119,140,115,143,112,146,110,150,106,152,103,155,99,158,98,162,32,75,29,78,27,82,24,86,22,90,23,95,26,98,31,98,34,95,37,91,40,87,43,84,47,81,48,77,49,72,76,171,70,170,64,167,59,163,53,160,47,159,41,158,35,156,30,151,29,145,30,139,33,134,38,129,39,123,36,118,31,117,32,110,38,107,43,110,46,116,49,121,50,127,49,133,46,139,48,144,51,67,58,68,65,71,72,74,79,75,86,76,93,75,100,78,106,81,113,82,117,88,119,95,123,101,124,108,120,114,116,110,114,103,109,98,104,92,98,88,93,83,86,82,79,81,72,79,65,79,60,84,55,89,49,93,43,96,37,92,118,66,118,73,118,81,121,88,124,95,125,102,125,109,126,117,127,124,128,132,128,139,129,146,131,154,131,163,131,163,125,161,120,165,118,170,122,175,127,179,128,186,129,192,131,198,132,204,134,210,139,213,145,210,150,206,101,162,105,159,110,160,113,156,114,152,118,148,122,147,127,148,125,151,120,153,117,156,117,161,115,165,111,168,107,171,104,175,106,179,109,181,114,182,117,185,117,190,114,194,115,198,117,203,119,207,122,211,126,215,127,218,123,221,118,222
28,59,144,60,140,58,135,57,131,55,127,53,123,52,118,48,115,50,112,50,107,53,104,58,104,63,105,67,103,71,101,75,99,80,98,84,97,89,95,93,96,98,97,102,99,105,103,108,106,111,109,114,113,117,117,120,121,122,125,123,129,123,134,124,138,121,142,118,145,115,148,111,151,107,152,103,155,99,157,98,161,32,75,29,79,27,82,24,86,23,90,24,95,27,98,31,98,35,95,37,91,40,88,43,84,46,82,48,77,49,73,76,172,70,171,64,167,58,164,53,161,47,159,40,158,34,156,29,152,28,146,30,139,33,134,37,129,38,123,36,118,30,116,32,111,38,108,44,110,46,116,49,121,49,128,50,134,46,139,48,144,51,67,58,68,65,71,72,74,79,75,86,76,93,75,100,78,106,80,113,83,117,89,119,96,122,103,123,110,119,114,115,108,112,102,108,96,102,91,97,86,91,82,84,81,77,80,70,79,62,80,59,86,54,90,47,94,41,98,37,92,118,66,118,73,118,81,121,88,123,95,124,102,125,110,126,117,127,124,128,132,128,139,129,146,131,154,131,162,131,162,125,160,120,163,117,169,120,174,125,178,128,184,129,190,130,197,132,203,135,209,139,213,145,211,150,207,101,161,105,158,110,159,113,156,114,151,118,147,123,147,128,148,124,151,119,153,115,155,115,160,114,165,111,169,106,172,103,175,103,180,108,182,113,181,117,183,118,188,115,192,114,197,117,201,117,206,120,210,124,214,127,217,123,220,118,222
29,56,143,57,138,57,134,55,129,54,125,52,121,50,116,47,113,44,109,42,105,43,101,47,99,52,99,57,100,61,99,66,98,70,97,75,97,80,97,84,97,89,98,94,99,98,100,101,103,105,106,109,109,113,112,116,115,118,120,119,124,120,129,120,133,120,138,117,142,114,145,110,148,106,151,102,153,98,154,96,158,32,75,29,79,26,82,24,87,22,91,23,95,26,98,31,98,35,95,37,92,40,88,43,84,47,81,49,78,49,73,76,170,70,169,64,166,58,162,52,159,46,158,39,157,33,154,28,150,26,144,28,137,30,131,34,126,37,120,34,115,28,114,30,108,36,105,41,108,44,113,46,119,48,125,47,131,44,137,46,143,52,67,59,68,66,72,72,74,80,75,87,76,94,75,100,79,106,83,112,85,117,91,120,98,122,105,123,112,119,115,115,109,112,103,108,97,104,91,97,87,92,83,85,82,77,81,70,79,63,79,59,84,55,90,48,93,42,96,37,91,118,66,118,73,119,81,121,88,123,95,124,102,125,109,126,116,127,124,128,131,128,138,129,146,130,153,131,163,131,163,125,161,120,164,118,170,122,175,126,180,128,186,129,192,130,198,131,205,135,210,139,214,145,212,149,207,101,161,105,158,110,159,113,156,114,151,117,148,122,146,127,146,125,150,120,151,116,154,116,159,116,164,113,167,109,171,106,174,105,178,109,180,114,181,117,185,116,190,114,194,114,199,118,202,120,207,122,211,126,214,128,218,124,221,119,223
30,55,142,56,137,56,133,55,128,53,124,52,120,50,115,47,112,45,108,43,104,41,99,45,98,50,97,55,97,59,96,64,94,68,93,73,93,77,92,82,92,86,94,91,96,95,97,99,100,102,103,106,107,109,110,112,113,115,117,116,122,117,126,117,131,116,135,115,140,112,144,108,146,105,150,102,152,97,154,95,158,31,75,29,79,26,83,24,87,22,92,23,96,26,99,31,99,34,96,38,92,40,88,43,84,46,82,49,78,49,73,76,169,70,167,64,164,58,161,52,158,46,157,39,156,33,153,29,149,26,143,26,136,29,130,33,125,34,119,31,114,28,109,33,105,39,103,43,108,44,114,48,119,47,125,45,132,42,137,45,142,51,66,58,68,64,70,71,73,77,75,84,76,91,76,98,78,104,80,111,82,115,87,118,94,121,100,121,107,119,112,114,107,110,101,106,95,102,90,96,86,90,82,84,81,77,81,70,80,63,80,58,85,53,89,48,94,41,96,37,91,117,66,118,73,118,80,120,87,122,94,124,101,125,109,126,116,126,123,128,130,128,137,129,145,130,152,131,162,131,162,125,161,121,166,121,172,125,175,126,181,127,187,129,193,130,199,131,205,135,210,139,214,144,212,148,207,100,160,104,157,108,156,112,153,114,149,117,145,122,143,126,143,126,147,121,148,117,151,116,156,116,161,114,165,110,167,109,172,106,176,108,179,112,182,116,184,117,189,115,193,113,198,117,201,119,205,122,209,125,213,127,217,124,220,119,222
31,55,142,57,138,56,134,55,129,54,124,52,120,50,116,47,113,45,109,43,104,42,100,47,98,51,97,56,97,60,95,64,93,68,92,72,91,77,91,82,91,86,92,90,94,94,96,98,99,101,102,104,106,108,109,111,112,113,116,114,121,115,125,115,130,115,135,114,139,111,142,108,146,105,148,102,152,98,154,96,158,31,75,28,79,26,83,24,87,22,91,23,96,26,99,31,99,34,96,37,92,40,88,43,84,46,81,49,78,49,73,76,169,70,167,64,164,58,161,52,159,46,157,39,156,33,153,28,149,26,143,26,136,29,130,33,125,34,119,31,114,27,110,31,105,37,104,42,107,44,114,47,119,47,125,45,131,42,136,45,141,52,67,59,69,65,71,72,73,78,75,85,76,92,76,98,78,105,80,111,82,115,88,118,94,121,101,121,107,118,111,113,106,109,100,105,95,100,90,95,85,90,81,83,81,76,80,69,79,63,80,58,85,53,90,48,94,41,96,37,91,117,66,118,73,118,80,120,87,121,94,123,101,125,108,125,115,126,123,127,130,127,137,128,144,129,151,131,161,131,161,126,161,122,166,122,172,126,176,127,182,128,188,129,194,131,200,132,206,135,211,139,214,145,212,148,207,100,161,102,157,106,155,110,155,112,150,115,146,119,144,124,145,124,148,119,149,115,152,114,156,114,161,112,165,109,169,107,173,105,178,107,181,112,182,116,185,117,189,115,194,113,198,117,201,119,205,122,209,124,213,127,217,123,220,119,222
32,56,142,57,138,57,133,55,129,54,125,52,121,52,116,48,113,46,110,45,105,46,101,50,99,54,97,58,96,62,94,67,93,71,91,75,90,80,90,84,90,88,91,93,93,96,96,99,99,103,103,105,106,108,110,111,113,113,117,115,122,115,126,115,131,114,135,113,139,110,143,108,147,104,149,101,152,98,155,96,158,31,75,29,79,26,83,23,87,22,91,23,96,27,98,31,98,35,95,38,91,41,87,43,84,47,81,49,77,49,72,76,170,70,168,64,165,58,162,52,159,46,157,39,156,33,154,28,149,26,143,27,136,30,131,34,126,35,119,32,115,28,111,32,106,38,104,42,108,45,114,47,119,47,126,46,132,43,138,46,142,52,67,59,69,65,71,72,73,78,75,85,75,92,75,98,78,104,81,111,83,114,89,117,95,120,101,121,108,117,111,113,105,109,100,105,95,100,89,95,85,89,81,83,81,76,81,69,79,62,80,58,85,54,90,48,94,41,96,37,91,117,66,118,73,118,80,120,87,122,94,124,101,125,109,126,116,127,123,128,130,128,137,129,145,130,152,131,162,131,162,125,161,121,165,122,171,125,176,127,182,127,188,129,194,130,200,132,205,135,210,140,214,145,212,149,207,99,161,102,158,105,155,110,153,112,149,115,145,119,143,124,143,121,146,117,148,114,152,114,157,114,162,111,166,110,171,107,175,105,179,107,183,112,184,116,185,118,190,117,194,114,198,117,202,119,206,122,210,124,214,127,218,124,222,119,223
33,56,142,57,138,57,133,55,129,55,125,52,121,51,117,49,113,46,109,45,105,46,101,50,98,54,98,59,97,63,95,67,93,71,92,75,90,80,90,84,90,89,91,93,93,96,96,99,99,103,102,106,105,108,109,110,113,112,117,114,121,114,126,115,130,114,135,114,139,111,142,108,146,104,149,102,152,98,154,96,158,31,75,28,79,26,83,24,87,22,91,23,96,26,99,31,98,34,96,37,92,40,88,43,84,46,82,49,78,49,73,76,170,70,168,64,165,58,162,52,159,45,158,39,157,33,154,28,149,26,143,26,136,30,131,34,126,36,119,33,114,27,113,30,107,36,104,41,107,44,113,46,119,48,125,46,131,43,137,46,142,51,66,57,69,64,70,71,73,77,75,84,76,91,76,98,78,104,81,111,83,114,88,117,95,120,101,121,108,117,111,113,106,109,100,105,95,100,90,94,86,89,81,83,81,76,81,69,79,62,80,58,85,53,91,47,94,41,97,37,91,118,66,118,73,118,81,120,88,122,95,123,102,125,109,126,116,127,124,128,131,128,138,129,145,130,153,131,161,131,161,125,160,122,165,122,171,126,176,127,182,128,188,129,194,131,200,132,206,136,211,141,214,146,212,149,207,100,160,103,156,107,154,111,153,113,148,117,144,121,141,125,142,123,145,119,147,115,151,114,156,114,161,111,165,108,168,107,173,105,178,106,182,111,183,116,185,119,189,117,193,113,196,115,201,118,204,120,209,123,213,126,217,123,221,118,222
34,56,142,58,138,57,134,55,129,54,125,53,121,52,116,48,113,46,110,45,105,46,101,50,98,54,98,59,98,63,95,67,93,71,92,75,90,80,90,84,90,89,92,93,93,96,96,100,100,103,102,106,106,109,110,111,114,113,118,115,122,115,126,115,131,115,135,114,140,111,143,108,146,105,149,102,152,98,155,96,159,31,75,28,79,27,83,24,87,22,91,23,95,26,98,31,98,35,96,37,92,40,88,43,84,46,81,49,78,49,73,76,170,69,169,63,166,58,163,52,160,45,158,39,157,33,154,28,149,27,143,27,136,30,131,35,126,36,120,32,115,27,113,30,107,36,105,42,108,45,113,47,119,48,125,47,132,43,137,46,142,52,67,59,69,65,71,72,73,79,75,85,76,92,75,98,78,104,81,111,83,114,89,117,95,120,102,121,108,118,112,114,107,110,101,106,95,101,90,95,86,90,82,83,81,76,81,70,80,63,80,59,85,54,90,48,94,42,96,37,91,118,66,118,73,118,81,120,88,121,95,123,102,125,109,126,116,127,124,128,131,128,138,129,145,130,153,131,161,131,161,125,161,122,166,122,172,126,176,127,182,128,188,129,193,130,199,132,205,135,210,139,213,145,211,149,207,99,160,103,157,107,155,111,153,112,148,115,144,120,142,125,142,122,145,118,147,115,151,114,156,114,160,112,165,110,169,108,173,105,177,106,182,111,182,115,184,117,188,117,193,114,197,116,201,119,205,121,209,124,213,126,218,124,222,119,223
35,56,142,57,138,57,133,55,129,54,125,52,121,51,116,48,113,46,109,45,105,47,101,51,98,55,98,59,97,64,95,68,94,72,91,76,90,80,90,85,90,89,91,93,93,97,96,100,99,104,102,106,106,109,110,111,114,113,118,115,122,115,127,115,131,115,136,114,140,111,143,108,146,104,149,102,152,98,155,97,159,31,75,28,78,26,83,24,87,22,91,23,96,26,99,30,98,34,96,37,92,40,88,43,84,46,82,49,78,49,73,76,170,69,169,63,166,58,163,52,160,46,158,39,157,33,154,28,150,26,144,26,137,29,131,34,126,36,120,34,115,28,113,30,107,36,105,42,108,44,114,47,119,47,126,46,132,43,138,46,142,51,67,58,68,64,70,71,73,78,75,85,76,92,76,98,78,104,81,111,84,114,90,117,96,120,102,121,109,117,112,113,106,110,100,106,95,101,90,95,86,90,82,83,81,76,81,69,80,62,80,58,86,53,90,47,94,41,97,37,91,118,67,118,74,118,82,120,89,121,96,123,103,125,110,126,117,127,125,128,132,128,139,129,146,130,154,131,162,131,162,125,161,121,165,120,171,124,175,126,181,127,187,129,193,130,199,131,205,135,210,139,214,144,212,148,207,99,159,102,155,107,154,111,153,113,148,115,144,119,141,124,139,124,143,121,146,117,149,115,154,114,159,112,163,110,168,108,172,106,177,106,181,111,182,115,184,117,188,116,193,114,197,117,202,119,206,122,210,123,215,126,219,123,222,118,223
36,56,142,58,138,57,134,56,129,54,125,53,121,52,116,49,113,46,109,46,105,47,100,51,98,55,98,60,98,64,95,68,94,72,92,77,91,81,90,86,90,90,92,94,94,98,96,101,99,104,103,107,107,109,110,112,114,113,119,115,123,115,127,115,132,116,136,114,140,111,144,107,146,104,149,102,153,98,156,97,160,31,75,29,79,27,83,24,87,22,91,23,95,27,98,31,98,35,96,38,92,40,88,43,84,46,81,49,78,49,73,76,170,70,168,64,166,58,163,52,160,45,158,39,157,33,154,28,150,27,143,27,137,29,131,34,126,36,120,34,114,28,114,31,108,36,104,41,107,44,113,46,119,48,125,47,132,44,137,46,143,51,66,58,68,64,70,71,73,78,75,85,76,92,75,98,78,104,81,110,83,114,89,117,96,120,102,121,109,119,113,115,107,110,102,107,96,101,91,96,87,91,82,84,81,77,81,70,80,63,80,58,85,53,90,48,94,41,97,37,91,118,67,118,74,117,81,120,88,121,95,123,102,125,109,126,117,127,124,128,131,128,138,129,146,130,153,131,161,131,161,125,160,121,165,121,171,125,176,127,181,127,187,128,193,131,199,132,205,135,210,140,214,145,212,149,207,99,158,102,154,106,153,110,150,111,146,113,141,118,139,122,137,121,140,118,145,115,148,114,153,113,158,111,162,110,167,108,171,106,175,104,180,108,182,113,183,115,187,116,192,115,197,116,202,119,206,121,210,123,214,126,218,123,221,118,223
37,56,142,58,139,57,134,56,130,54,126,53,121,51,117,48,113,46,109,46,105,47,101,51,99,56,99,60,98,64,95,68,94,73,92,77,91,81,90,86,91,90,92,94,94,98,97,101,99,104,103,107,106,110,110,112,114,114,118,115,123,116,127,116,132,116,136,115,140,112,144,109,147,105,149,102,153,99,156,97,160,32,75,29,79,26,83,24,86,22,91,23,95,27,98,31,99,35,96,38,92,41,89,43,84,46,81,49,78,49,73,76,170,69,169,63,166,58,163,52,160,45,158,39,157,33,154,28,150,26,143,28,137,30,131,34,126,37,120,34,114,28,114,30,108,35,105,41,107,45,112,46,119,48,125,47,131,44,137,46,143,52,67,59,68,65,71,72,74,78,75,85,76,92,76,99,78,105,81,111,84,114,90,117,97,120,103,121,110,118,112,114,107,110,101,106,95,101,91,96,86,90,82,84,81,77,81,70,80,63,80,58,85,53,91,47,94,41,97,37,91,118,66,118,73,118,81,120,88,122,95,124,102,125,110,126,117,127,124,128,132,128,139,129,146,130,154,131,162,131,162,126,162,122,167,122,172,125,177,127,183,128,189,129,195,130,200,132,206,135,211,140,214,145,212,149,207,99,158,102,155,106,153,110,152,112,148,115,144,119,142,123,140,122,143,118,147,115,150,115,155,114,159,112,164,110,168,108,173,106,177,106,181,110,182,114,184,115,188,115,193,115,198,117,202,119,207,121,211,123,215,126,219,122,221,118,223
38,57,142,58,138,57,133,55,129,54,125,53,120,51,116,49,112,47,108,48,104,51,101,56,100,60,99,64,97,68,95,72,93,76,91,80,89,84,89,89,90,93,90,97,93,100,96,103,99,106,103,109,107,111,110,113,115,115,119,116,123,116,128,117,132,117,137,115,140,112,143,109,146,105,149,103,152,99,155,97,159,32,75,29,79,27,83,24,87,22,91,23,95,27,98,31,99,35,96,38,92,41,89,43,84,46,81,49,78,49,73,76,170,70,168,64,165,58,162,51,159,45,158,38,156,32,153,28,148,27,142,28,135,32,130,35,124,37,118,32,115,27,113,31,107,37,105,42,107,45,113,47,119,49,125,47,131,44,137,46,143,51,67,58,68,64,71,71,73,78,75,85,76,92,75,98,77,104,81,111,82,115,88,118,94,121,100,122,107,118,111,113,105,110,99,106,94,101,89,95,85,89,81,82,81,75,81,68,79,62,81,58,86,53,91,47,95,41,97,37,91,119,66,118,73,118,81,121,88,122,95,123,102,125,109,126,117,127,124,128,132,128,139,129,146,130,154,131,163,131,163,125,162,121,166,121,172,124,177,127,183,127,189,129,194,130,200,132,206,136,211,140,214,145,212,149,207,100,160,103,156,108,155,111,152,113,148,116,144,120,141,124,141,121,145,117,148,115,152,115,157,113,161,111,166,110,170,107,175,104,178,104,183,109,183,113,184,116,188,117,193,115,198,116,202,119,206,121,211,123,215,126,219,123,222,118,223
39,57,141,58,137,57,132,55,128,54,124,53,120,52,115,51,111,52,107,55,104,59,102,63,99,67,97,70,94,74,91,78,89,82,87,86,86,90,85,95,85,99,87,102,90,106,93,109,95,111,100,113,104,115,108,116,112,117,116,117,121,117,125,117,130,117,134,115,138,112,142,109,144,105,146,102,149,99,153,97,157,32,75,30,79,26,83,23,86,21,91,22,95,26,98,30,98,35,96,37,92,40,89,43,85,47,82,49,78,49,73,76,169,70,167,64,164,58,161,52,159,45,157,39,156,33,153,28,148,27,142,29,135,32,130,36,124,36,118,31,116,27,112,31,107,37,106,43,109,45,115,48,120,48,126,47,133,44,138,47,143,51,66,58,68,64,71,71,73,77,75,84,76,91,76,98,76,104,79,110,79,115,83,117,90,121,96,123,103,118,107,114,103,111,97,106,91,101,88,95,83,88,82,82,81,75,80,68,79,61,81,58,87,53,91,47,95,41,98,37,92,119,66,117,73,118,80,121,87,123,94,124,102,125,109,126,117,126,124,127,131,128,139,129,146,130,154,132,165,132,165,127,163,121,166,120,172,122,177,126,181,128,187,129,193,131,198,132,204,134,210,139,213,144,211,149,207,100,161,103,157,107,156,111,154,111,150,114,146,119,144,123,144,120,147,116,150,114,154,114,159,113,163,111,167,108,172,106,176,105,180,105,185,109,184,114,185,116,189,117,194,115,198,116,203,118,207,121,211,123,215,126,219,123,222,118,223
40,57,141,58,137,57,133,57,128,55,125,54,120,55,116,58,113,59,108,61,105,64,102,68,99,70,96,74,93,77,90,81,89,85,87,89,86,94,86,98,86,102,88,105,91,109,93,112,96,114,100,116,104,118,108,118,112,118,116,117,120,117,125,116,129,115,133,113,137,110,140,108,144,105,148,102,151,100,154,98,158,32,75,28,78,25,82,22,86,20,90,20,95,24,98,29,98,33,96,36,92,39,88,43,84,46,81,48,77,49,72,75,169,69,168,63,165,57,162,51,159,44,157,38,155,32,152,28,146,28,140,30,133,34,129,36,122,35,116,28,117,25,112,29,107,35,105,41,108,44,113,47,119,49,125,48,131,45,137,47,143,51,66,57,68,64,70,70,72,77,74,83,76,90,76,97,75,103,78,109,76,115,78,120,83,123,89,124,95,120,101,115,99,112,93,107,89,101,86,95,83,88,81,81,81,75,80,68,78,62,80,59,86,54,90,48,94,42,97,37,92,120,66,117,73,119,80,123,86,124,94,124,101,126,109,127,116,128,124,128,132,129,139,130,147,130,154,132,164,132,164,126,162,122,166,121,172,124,177,126,182,128,188,129,194,130,200,132,206,135,211,140,214,145,212,149,207,99,161,101,157,105,155,108,152,110,147,114,145,117,142,120,143,117,147,114,150,113,155,114,159,111,163,108,167,107,171,106,176,104,180,105,184,110,184,114,185,115,190,116,194,115,199,116,203,119,207,122,211,124,215,126,219,123,222,118,223
41,58,144,60,140,59,136,57,132,56,128,55,124,56,120,56,115,57,112,60,108,62,105,65,102,70,102,74,100,78,98,81,96,86,95,90,94,94,93,98,93,102,95,105,98,109,101,112,104,114,107,117,111,119,114,121,118,121,123,120,127,120,131,119,136,117,139,114,143,112,146,109,149,105,152,102,155,99,158,99,162,32,74,28,77,26,82,22,86,20,90,21,95,24,98,28,99,33,97,35,93,38,89,41,85,45,82,48,78,49,73,75,171,69,168,62,166,56,163,50,160,44,157,37,155,32,151,29,145,30,139,32,132,37,128,39,121,35,116,29,118,25,114,28,107,34,106,41,107,45,113,47,119,50,125,49,132,46,138,48,144,51,66,58,68,64,71,71,73,78,74,85,76,92,75,99,76,106,78,113,76,118,80,121,87,123,94,124,101,122,107,117,105,115,98,110,92,105,88,99,86,93,82,85,81,78,80,71,79,64,79,59,84,55,89,48,93,42,96,37,92,119,66,118,73,118,81,121,87,124,95,124,102,125,110,126,117,127,125,128,132,128,140,130,147,130,155,133,166,133,166,128,163,122,165,119,170,120,176,125,179,128,185,129,191,129,197,131,204,134,209,138,213,144,211,149,207,100,160,103,157,107,155,111,152,112,148,115,145,119,142,122,141,121,145,118,148,115,152,115,157,113,160,111,165,110,169,108,173,106,178,106,182,110,182,114,184,116,188,116,193,114,197,116,201,118,205,120,209,122,213,125,217,122,221,118,222
42,59,143,60,139,59,134,57,130,56,125,54,121,53,117,51,113,48,109,46,105,44,101,46,97,51,97,56,97,60,95,64,93,68,91,73,90,78,90,82,91,87,92,90,95,94,98,98,101,101,104,105,107,108,110,110,114,114,117,115,122,115,126,116,131,117,135,115,140,113,143,109,147,106,150,103,153,99,155,98,159,32,75,29,78,26,82,23,86,21,90,22,95,26,97,31,98,35,95,37,91,39,87,42,84,46,81,48,77,49,72,76,170,70,169,64,166,58,163,52,161,46,159,40,157,33,155,29,150,29,144,30,138,34,133,37,127,37,121,32,118,29,114,32,108,38,108,44,111,46,116,49,121,50,128,48,134,45,139,48,144,53,67,60,68,66,70,72,73,79,75,86,76,92,75,99,76,105,77,112,77,117,81,121,87,122,93,123,100,120,106,115,102,112,96,107,91,102,87,96,84,91,81,84,81,77,80,70,78,64,79,60,84,55,88,49,92,43,94,37,91,119,65,117,72,118,79,122,86,124,94,124,101,125,109,126,116,127,124,127,131,128,139,129,146,130,153,132,164,132,164,126,162,120,164,118,170,120,175,125,179,128,185,129,191,130,198,131,204,135,209,139,213,145,210,150,206,100,162,103,158,107,157,111,154,112,150,115,147,119,144,122,146,119,150,115,153,115,158,114,162,113,167,110,171,108,175,106,179,104,184,106,186,110,184,114,186,116,191,116,195,116,199,117,204,119,208,121,212,124,216,127,220,124,223,119,224
43,60,143,61,139,59,134,57,130,56,126,53,122,52,117,51,113,48,109,46,105,47,101,49,97,54,96,58,95,62,92,66,90,70,87,74,87,79,87,83,88,88,89,91,92,95,96,98,99,101,102,104,106,107,109,109,113,111,117,113,122,114,126,115,130,116,135,113,139,111,143,108,146,105,149,101,152,97,154,97,158,32,75,29,79,27,82,24,86,22,90,22,95,26,97,31,97,35,94,37,90,40,87,43,83,46,81,48,77,49,72,76,170,70,168,64,166,59,163,53,161,47,160,41,158,35,156,31,152,30,146,31,140,35,135,37,129,39,123,35,119,31,116,33,111,39,109,44,112,47,117,50,122,50,129,49,134,46,140,49,144,52,66,59,68,65,71,72,73,79,74,85,76,92,75,99,77,105,79,112,79,117,84,120,90,123,96,123,103,121,109,116,105,113,99,109,94,103,89,97,86,91,82,84,81,78,80,71,79,64,79,59,84,54,89,48,93,42,96,37,91,119,66,116,73,117,80,120,87,123,94,124,101,125,109,125,116,126,124,127,131,128,139,129,146,130,154,131,161,131,161,125,159,119,161,117,168,119,173,125,177,127,183,128,189,130,196,131,202,135,208,138,213,144,213,149,208,99,159,103,156,107,155,110,152,111,147,115,144,118,141,122,142,120,146,117,150,115,154,115,159,113,164,110,168,108,172,105,176,104,181,107,183,112,182,115,185,115,190,113,195,116,198,117,203,119,207,122,212,124,216,127,220,123,222,118,224
44,60,143,60,139,59,134,58,130,56,126,54,122,55,118,56,113,56,109,57,105,60,102,61,98,65,96,68,93,72,90,76,88,80,86,84,85,89,85,93,86,97,87,100,90,104,93,107,96,110,100,111,104,113,108,114,113,115,117,115,121,115,126,116,130,116,135,113,138,110,142,108,146,104,149,102,152,98,154,98,158,32,74,30,78,27,82,24,86,22,90,22,94,26,97,31,97,35,95,37,91,40,87,42,84,46,81,48,77,49,72,76,171,70,170,64,167,59,164,53,161,47,160,41,159,35,157,31,152,30,146,31,140,34,135,37,129,39,123,35,119,31,116,34,111,40,109,45,112,47,117,50,122,50,128,49,134,46,140,49,144,52,66,58,68,65,70,71,72,78,74,84,75,91,75,98,76,104,78,110,77,116,81,119,87,122,93,123,99,120,105,115,101,112,95,107,91,101,87,96,84,89,82,83,81,76,80,69,79,63,79,58,84,54,89,49,93,43,96,37,92,119,66,116,73,117,80,121,87,124,94,124,101,125,108,125,116,126,123,127,131,127,138,129,145,130,153,131,161,131,161,125,159,119,161,117,168,120,173,125,177,127,183,128,190,129,196,131,203,134,208,138,214,144,213,149,208,99,159,102,155,107,155,109,151,111,147,115,144,117,140,122,141,120,145,116,149,115,154,113,158,112,163,109,167,106,171,105,176,104,181,107,183,112,182,116,185,115,190,114,195,116,199,117,204,120,208,121,213,123,217,127,220,123,223,118,224
45,60,144,61,140,59,136,57,131,56,127,54,123,54,119,51,115,50,111,51,107,54,103,58,102,62,102,66,99,70,97,75,95,79,94,83,93,88,93,92,94,97,94,100,97,104,100,107,103,110,106,113,110,116,114,118,118,120,122,121,126,121,131,122,135,121,139,117,143,114,146,111,149,107,151,103,153,99,155,98,159,31,74,29,78,26,82,24,86,21,90,22,94,26,97,30,97,34,95,37,91,39,87,43,84,47,81,48,77,49,72,76,172,70,170,64,167,59,164,53,161,47,160,40,159,34,156,30,152,30,145,31,139,35,134,38,129,38,122,34,119,30,116,32,110,38,109,44,111,46,117,49,122,50,129,49,135,46,140,49,145,51,66,58,68,65,71,72,73,79,74,86,76,93,75,100,77,107,79,114,79,119,84,122,91,124,98,125,105,121,111,117,107,115,100,110,95,106,89,99,87,93,83,86,82,79,80,72,79,64,79,59,84,55,90,49,93,42,96,37,91,117,65,117,72,118,80,121,86,123,93,124,101,125,108,125,116,126,123,128,130,127,137,128,145,130,152,130,160,130,160,124,158,120,162,118,169,121,173,125,178,127,184,128,191,129,197,131,203,134,209,138,214,145,213,149,208,100,160,104,157,109,158,113,155,115,151,118,147,121,143,125,143,124,148,120,151,118,155,116,160,114,165,110,168,107,172,107,177,107,182,112,181,116,183,118,188,116,192,113,194,115,199,117,203,119,208,121,213,125,216,127,220,122,222,117,223
46,55,140,56,135,55,131,55,127,53,122,51,118,48,115,44,112,41,109,38,105,37,100,42,98,46,95,50,94,55,93,59,91,64,90,68,89,73,89,77,91,82,93,86,95,90,98,94,100,97,103,101,106,106,108,109,111,111,115,113,120,114,124,115,129,114,134,112,138,110,142,108,147,104,149,99,149,94,150,93,154,31,74,29,78,25,81,22,85,20,90,21,94,25,97,30,97,34,95,37,92,40,88,43,84,46,81,49,77,49,72,75,168,69,166,63,164,57,162,51,159,45,157,39,155,32,154,28,149,25,143,25,137,28,131,32,126,34,120,29,116,26,111,30,106,36,105,41,107,44,113,47,119,47,126,45,132,42,137,45,141,53,67,60,68,66,71,73,73,79,74,86,76,92,75,99,77,105,78,112,77,117,82,120,88,123,94,123,101,120,107,116,103,112,97,107,92,102,88,96,84,90,81,84,81,77,80,70,78,64,79,60,84,54,88,49,92,43,94,37,91,118,65,118,72,119,80,122,87,124,94,124,101,125,108,126,116,127,123,128,131,128,138,129,145,130,153,130,159,130,159,124,158,121,163,121,169,124,174,127,180,127,186,128,192,130,197,131,203,133,209,138,213,143,214,147,209,97,155,100,152,105,150,109,149,113,146,115,141,118,138,122,139,120,143,117,147,114,150,113,155,111,159,108,163,106,167,104,172,105,177,109,178,113,180,116,184,115,189,113,193,115,197,117,202,118,206,121,210,123,215,126,218,122,220,117,222
47,55,140,56,136,55,131,55,127,54,122,52,118,49,115,45,112,42,108,40,104,39,100,43,97,47,95,52,94,56,92,60,90,65,90,69,89,74,90,79,91,83,93,87,96,90,99,95,101,98,104,102,106,106,108,109,112,112,116,113,120,113,125,114,129,113,134,111,138,109,142,107,147,104,150,99,150,94,151,94,155,31,74,28,78,25,82,21,86,19,90,20,94,24,98,29,98,33,97,36,93,40,89,42,85,46,81,49,77,49,72,74,168,68,166,62,163,55,161,49,158,43,155,37,154,31,152,27,147,25,141,26,134,30,129,33,123,32,117,26,116,25,110,29,106,36,104,41,108,43,114,47,119,46,126,44,132,41,138,45,141,53,67,60,67,66,70,72,73,79,74,86,75,93,75,100,76,106,77,113,77,118,81,121,87,124,94,124,101,120,107,116,102,112,97,108,91,103,87,97,84,91,81,84,81,78,80,71,78,64,78,59,83,55,87,49,92,43,94,37,91,117,65,117,72,120,79,123,86,124,94,125,101,125,108,126,116,127,123,128,131,128,138,129,145,130,153,130,159,130,159,124,158,120,163,120,169,124,173,126,179,127,185,128,191,130,197,132,203,135,209,139,213,145,213,148,208,98,157,100,153,103,150,108,148,110,145,114,142,118,141,116,144,113,147,112,152,111,157,109,161,106,165,104,169,103,174,103,178,108,180,113,180,116,183,117,187,113,190,114,194,116,198,117,203,120,206,121,211,124,214,126,218,122,221,117,222
48,59,142,60,138,59,133,57,129,55,125,54,121,54,116,54,112,53,108,53,103,56,100,60,97,64,95,68,92,71,90,75,88,80,87,84,87,89,87,93,88,97,91,100,94,104,97,107,100,109,104,112,107,114,111,116,115,118,119,118,124,119,128,119,132,119,137,115,140,112,143,110,147,106,149,103,152,99,154,97,158,32,75,28,78,25,82,22,86,19,90,20,95,24,98,29,98,34,96,36,92,39,88,42,84,46,81,49,77,49,72,75,169,69,168,63,165,56,162,50,159,44,158,37,156,32,152,28,147,28,140,30,134,35,129,37,123,35,117,29,117,25,113,28,108,35,106,41,108,45,113,48,119,49,125,48,132,45,138,48,143,52,66,59,68,65,71,71,73,78,74,85,75,92,76,99,76,105,78,112,77,117,81,120,88,122,94,123,101,120,107,116,102,113,96,108,91,103,88,97,84,90,82,84,81,77,80,70,79,63,79,59,85,54,90,49,94,42,96,37,92,119,66,117,73,117,80,120,87,123,94,124,101,124,109,125,116,126,123,127,131,127,138,129,145,130,153,130,160,130,160,124,158,119,161,118,167,121,172,125,177,127,183,128,189,129,196,131,202,134,208,138,213,144,211,149,207,99,156,103,153,107,152,111,150,113,145,116,142,120,138,124,139,122,143,118,147,116,151,115,156,113,160,111,164,109,169,107,173,107,177,112,178,115,181,116,185,113,190,114,194,116,198,118,203,120,207,122,211,124,215,127,219,122,221,118,223
49,59,142,60,138,58,134,57,130,56,125,54,121,54,117,56,113,57,109,58,104,59,100,62,97,66,95,69,92,73,89,77,87,81,86,86,85,90,86,94,87,99,89,102,91,106,94,109,97,111,101,114,104,116,108,117,112,119,116,118,121,118,125,119,130,117,134,115,137,112,141,109,145,106,148,103,151,99,153,97,156,32,75,28,78,25,82,22,86,20,90,20,95,24,98,29,98,33,96,36,92,39,88,42,84,46,81,48,77,49,72,75,170,69,169,63,166,57,163,51,160,44,158,38,156,32,153,28,148,29,142,30,135,35,131,37,124,36,119,30,118,26,113,29,108,36,107,42,109,45,115,48,121,49,127,48,134,45,139,48,144,52,66,58,68,65,71,71,73,78,74,85,75,91,75,98,75,104,78,110,76,116,79,120,85,122,91,124,97,120,103,115,100,112,95,107,90,101,86,96,83,89,81,82,81,76,80,69,79,62,79,59,84,54,89,48,93,43,96,38,91,117,64,117,71,118,79,121,85,124,92,124,100,124,107,126,114,127,122,127,129,127,136,129,143,130,151,130,159,130,159,124,157,119,161,118,167,121,172,126,177,127,183,128,190,129,196,131,203,134,209,138,214,144,213,149,208,99,157,102,153,106,151,110,149,112,145,116,141,119,138,121,141,118,145,115,149,114,154,113,158,110,162,109,167,106,171,104,175,106,179,111,180,115,182,115,187,113,191,114,196,116,200,118,204,121,208,121,212,125,216,127,220,123,222,118,223
50,61,143,61,138,59,134,57,130,56,126,55,121,56,117,55,113,55,109,57,105,59,101,64,100,68,97,71,95,75,93,80,92,84,91,89,92,93,92,98,92,102,94,106,97,109,100,111,104,114,107,117,111,119,115,121,119,122,124,122,128,124,132,123,137,121,141,117,143,113,146,110,150,107,152,102,153,98,155,98,159,32,74,29,78,26,82,23,86,21,90,23,94,25,98,30,98,34,96,37,92,39,88,42,84,46,81,48,77,49,72,75,171,69,169,63,166,58,163,52,160,46,159,39,158,34,155,29,150,30,144,31,138,35,133,39,128,39,121,33,119,29,115,32,110,38,107,44,110,46,116,49,122,50,128,49,134,46,140,49,144,50,66,57,68,63,70,70,73,77,75,83,76,90,75,97,76,104,78,110,77,116,81,121,86,123,93,122,100,120,106,115,102,112,96,107,91,101,89,96,85,90,82,83,81,76,79,69,79,62,79,59,85,54,89,48,93,42,96,37,91,118,65,117,72,117,79,121,86,123,93,124,100,125,108,126,115,127,122,127,129,127,137,128,144,130,151,130,158,130,158,124,157,119,160,118,167,121,172,126,176,127,182,128,189,129,195,131,202,134,208,138,213,144,211,149,207,99,157,104,156,108,155,113,154,115,150,118,145,121,142,126,142,125,146,121,149,118,153,116,158,115,163,112,165,108,167,107,172,109,176,114,178,118,181,118,186,115,189,113,193,115,197,117,201,120,205,122,210,123,214,126,218,122,220,117,222
51,61,143,60,139,60,134,57,130,56,126,55,121,57,117,58,113,58,109,61,105,64,101,68,99,71,96,74,93,78,91,82,89,87,88,91,88,96,87,100,89,103,91,107,94,110,97,113,101,115,105,117,109,119,113,121,117,121,122,121,127,123,131,122,135,120,139,116,142,113,145,110,149,106,151,102,153,98,155,98,159,32,74,29,78,27,82,25,86,22,89,23,94,26,97,30,97,34,95,36,91,39,87,42,84,46,81,47,77,48,72,76,172,70,170,65,167,59,164,53,161,47,160,41,159,35,156,32,151,30,145,31,139,36,135,38,129,39,123,34,120,31,115,34,110,40,108,45,112,47,118,49,123,51,129,50,135,45,140,49,144,50,66,56,68,63,71,69,73,76,74,82,75,89,75,96,76,102,78,108,77,115,79,119,84,122,90,122,96,120,103,115,100,111,95,106,90,100,88,95,83,89,82,82,81,75,80,69,79,62,79,58,84,54,89,48,93,42,95,37,91,118,65,117,72,118,79,121,86,123,93,124,100,125,107,126,115,127,122,127,129,128,136,129,144,130,151,130,159,130,159,124,157,119,160,118,167,121,172,126,176,127,182,127,189,129,195,131,201,133,207,137,212,143,214,147,209,98,157,102,155,107,154,111,151,113,147,117,143,120,139,124,139,123,144,120,147,117,151,116,156,114,160,112,165,110,169,108,173,106,178,109,180,114,182,115,186,114,191,114,195,116,200,119,203,121,208,122,213,124,217,127,220,123,222,118,224
52,59,143,60,139,58,134,57,130,55,126,53,122,52,117,49,114,46,110,47,106,50,102,54,101,59,100,63,100,67,98,72,96,76,95,81,95,86,95,90,95,95,96,99,97,103,100,106,103,110,106,112,110,115,113,118,117,120,121,121,125,122,130,123,134,122,139,119,142,115,145,111,147,107,150,103,151,98,153,97,156,31,74,29,78,27,82,24,86,22,90,23,94,26,97,31,97,34,95,37,91,39,87,42,84,46,81,47,77,48,72,76,172,70,170,64,167,59,164,53,162,47,160,41,158,35,156,30,152,30,145,31,139,35,134,36,128,37,122,32,119,30,114,33,109,40,108,45,112,46,118,49,123,50,129,49,135,45,140,49,145,51,66,58,68,65,71,72,73,80,74,87,76,94,75,101,79,107,78,114,79,119,85,122,92,124,99,125,106,123,113,118,108,115,101,111,95,106,89,100,88,94,83,87,82,79,81,72,79,65,79,59,83,56,89,49,93,42,96,37,91,117,65,117,72,119,80,121,87,124,93,125,101,125,108,126,115,127,123,128,130,128,137,129,145,130,152,130,158,130,158,124,156,119,160,118,166,121,171,126,176,127,182,127,189,129,195,131,202,134,207,138,213,144,214,148,209,99,157,104,155,109,155,113,153,116,149,119,145,123,142,127,144,124,148,120,150,118,154,116,159,114,164,110,167,107,170,106,175,109,179,114,180,117,184,117,188,113,190,113,195,116,198,117,203,120,207,122,211,124,216,126,219,122,221,117,222
53,56,141,56,136,55,131,55,127,53,122,51,118,49,114,45,110,42,106,39,103,37,98,39,94,44,94,49,93,53,93,58,94,63,94,68,93,73,93,77,94,82,95,86,97,91,100,95,101,100,103,104,105,108,109,112,111,114,115,116,120,117,124,118,129,117,133,115,138,112,142,110,146,105,148,101,149,96,149,93,152,31,75,29,79,26,83,24,87,22,91,23,95,27,98,31,98,34,95,37,91,40,87,43,84,46,80,48,77,49,72,76,168,70,166,64,164,58,161,52,159,46,158,40,156,34,154,30,149,26,144,26,137,29,131,32,126,35,121,33,115,28,112,31,106,36,104,41,107,45,113,47,119,47,125,45,131,43,137,46,142,53,66,60,68,66,70,72,72,78,74,85,75,92,75,98,76,105,77,112,77,117,81,120,86,122,93,122,99,120,106,116,102,111,97,107,92,102,88,96,85,91,81,84,81,77,80,71,78,64,78,59,83,54,87,49,91,43,93,37,90,118,65,117,72,118,80,120,86,123,93,124,101,124,108,126,115,126,123,127,130,127,137,128,145,130,152,129,156,129,156,123,156,119,161,119,167,123,171,126,177,127,183,128,190,130,196,131,202,134,208,138,213,144,214,148,209,97,155,101,151,105,150,110,148,114,145,116,140,120,139,123,142,119,145,116,148,114,153,112,158,110,162,107,166,103,170,103,175,107,177,112,178,116,181,118,185,114,189,112,193,116,196,117,201,118,206,121,210,123,215,126,218,122,221,117,223
54,59,143,59,138,58,134,57,129,56,125,54,120,52,116,49,112,46,109,45,105,44,100,48,98,52,97,57,98,62,98,66,98,71,97,76,97,80,97,85,97,90,98,94,98,98,101,102,103,106,106,109,109,113,112,115,116,118,120,119,125,120,129,121,134,120,138,116,142,114,145,110,148,106,151,102,152,97,152,96,156,31,75,29,79,26,83,24,87,22,91,24,95,27,98,31,97,35,94,38,91,40,87,43,83,46,81,48,77,49,72,76,172,70,171,64,168,59,164,53,161,47,159,41,158,35,155,30,151,29,145,29,139,33,133,37,128,37,122,33,118,30,114,33,108,39,107,44,111,46,116,49,121,49,128,48,134,45,139,48,144,52,66,59,68,65,71,72,73,79,74,86,76,93,75,100,78,107,79,114,79,118,85,121,91,123,98,123,105,122,112,117,108,114,101,110,95,106,89,99,87,94,83,86,82,79,81,72,79,65,79,60,83,55,88,49,92,43,95,37,91,117,65,117,72,117,79,120,86,122,93,123,100,124,107,125,114,126,121,127,129,127,136,128,143,129,150,129,157,129,157,123,155,118,160,117,166,121,171,126,175,127,181,127,188,128,195,130,201,134,206,137,212,143,214,147,209,100,157,103,154,108,153,111,151,113,146,117,143,120,140,124,141,122,145,118,148,116,152,115,157,112,160,108,163,106,167,104,172,106,176,110,177,114,180,116,184,114,189,114,193,115,198,116,202,119,206,121,210,125,214,126,218,122,220,117,222
55,59,144,60,140,59,135,57,131,56,127,55,122,53,118,53,114,54,111,56,107,57,103,61,101,65,102,70,101,74,100,78,99,83,97,87,97,92,96,96,96,100,98,104,101,108,103,111,107,114,109,118,113,120,116,123,120,124,124,124,129,125,133,124,138,120,141,117,143,114,147,111,150,107,152,102,153,98,156,98,160,32,75,29,78,26,82,24,86,22,91,23,95,26,98,31,98,34,95,37,91,40,87,43,84,47,81,48,77,49,72,76,172,70,171,65,167,59,164,53,161,47,159,41,159,35,157,31,152,30,145,32,139,35,134,39,129,39,122,35,119,31,116,34,110,39,108,45,111,47,117,50,123,51,129,49,135,45,140,50,144,51,66,58,68,65,71,71,74,78,75,86,76,93,75,99,78,106,78,113,80,117,86,120,92,123,99,124,106,121,112,116,107,114,100,109,95,104,90,98,86,92,82,85,81,78,80,70,79,63,79,59,84,54,89,48,93,42,96,37,91,118,65,117,72,118,80,121,86,123,93,125,101,125,108,125,115,127,123,128,130,127,137,129,145,130,152,130,159,130,159,124,157,119,161,118,167,121,172,126,176,127,183,127,189,129,196,131,202,134,208,138,213,144,213,148,208,100,158,105,157,109,157,114,155,116,151,119,147,123,144,128,143,127,147,122,150,119,153,117,158,116,162,113,166,109,168,107,173,109,177,114,178,118,181,118,186,115,190,112,192,114,196,117,200,118,204,121,209,123,213,126,217,123,220,118,222
56,59,144,60,140,58,135,57,131,56,127,54,123,52,118,49,114,48,110,48,106,51,102,56,101,60,102,65,102,69,101,73,99,78,99,82,97,87,97,91,97,96,98,100,99,104,102,107,105,111,108,114,112,117,115,120,118,122,123,124,127,124,132,124,136,122,141,119,144,115,147,112,150,107,151,103,153,99,155,98,159,32,75,29,79,27,82,24,86,22,90,23,94,26,98,31,98,34,96,37,92,40,88,43,84,46,82,48,78,49,73,76,172,70,169,65,166,59,163,53,161,47,159,40,158,35,155,30,151,29,145,30,138,34,133,38,128,38,121,34,118,30,115,33,110,39,108,44,111,46,117,49,122,50,128,49,134,46,139,49,144,51,67,58,68,64,71,71,73,78,75,85,76,92,75,99,77,105,80,112,81,117,86,120,92,122,99,123,106,120,111,116,107,113,100,108,95,103,90,98,86,92,82,85,81,78,80,71,79,64,80,59,85,54,89,48,93,42,96,37,92,117,65,117,72,119,79,121,87,124,94,125,101,125,108,126,116,127,123,128,131,128,138,129,145,130,153,130,160,130,160,124,158,119,162,118,168,121,173,126,177,127,184,128,191,129,197,131,203,135,209,139,214,145,212,149,207,101,159,105,157,110,158,114,155,116,151,119,147,123,144,128,145,127,149,122,152,118,154,118,159,116,164,112,167,108,169,106,174,109,177,114,178,118,181,118,186,115,189,112,192,114,196,117,201,119,205,122,209,124,214,127,217,123,220,118,221
57,55,141,57,137,56,132,55,128,54,123,52,119,50,115,47,111,44,108,43,104,42,99,47,98,52,97,56,97,61,97,66,97,70,96,75,96,80,96,84,96,89,97,93,99,98,100,102,102,105,105,109,108,113,111,116,114,118,119,120,123,120,128,120,132,119,137,116,141,113,145,110,147,105,150,101,151,97,152,95,156,31,75,28,79,25,82,23,87,22,91,23,95,27,98,32,98,35,95,38,91,40,87,43,84,47,80,49,77,49,72,75,169,69,167,63,164,57,161,51,158,45,157,39,156,33,153,29,148,26,142,26,136,29,130,33,125,34,118,30,114,27,109,31,105,37,103,42,107,44,113,46,119,47,125,45,131,42,136,45,141,52,67,59,69,66,71,72,73,79,75,86,76,93,75,99,78,105,81,111,84,115,90,119,96,121,103,122,110,119,113,115,108,111,102,107,96,102,91,96,87,91,83,84,82,77,80,70,79,63,79,59,85,54,90,48,94,42,96,37,91,117,65,118,72,119,80,121,87,123,94,124,101,125,109,126,116,127,123,128,131,128,138,129,145,130,153,130,160,130,160,124,159,119,164,119,170,123,174,126,179,127,185,129,192,130,198,131,204,135,209,139,214,145,212,149,207,100,158,104,156,109,156,113,153,115,149,118,145,123,143,127,145,124,148,120,151,117,154,117,159,114,163,110,166,107,170,105,174,109,177,114,176,117,179,117,183,114,188,112,192,115,196,118,200,119,204,122,209,125,213,127,217,123,219,118,221
58,54,140,56,136,55,132,54,127,53,122,51,118,49,114,46,110,44,106,41,102,41,98,45,97,50,95,54,95,59,95,63,93,68,92,72,92,77,92,82,92,86,93,91,95,95,97,99,99,103,102,106,106,110,108,113,111,115,116,116,120,117,125,117,130,116,134,114,138,112,142,109,146,105,149,101,150,96,151,94,155,31,75,28,79,26,83,23,87,22,91,23,96,26,98,31,99,34,96,37,92,40,89,42,85,46,81,49,78,49,73,75,168,69,166,63,163,57,160,51,157,45,156,38,155,33,152,28,147,25,141,25,134,28,128,32,124,33,117,30,113,27,108,31,103,37,102,42,106,43,112,46,118,46,124,44,130,41,136,44,140,52,67,59,69,65,71,72,73,78,75,85,76,92,76,98,78,104,81,111,83,114,89,118,94,120,101,121,107,118,111,114,106,110,101,105,95,101,90,95,86,90,82,83,81,77,81,70,80,63,80,59,85,54,89,48,93,42,96,37,91,117,66,118,73,118,80,120,87,121,94,123,101,124,108,125,115,126,123,127,130,127,137,128,144,129,151,131,161,131,161,125,159,120,163,119,169,122,174,126,178,127,185,128,191,130,197,131,203,134,208,138,213,144,213,148,208,99,160,102,157,105,154,110,153,112,149,115,145,119,143,123,142,122,146,118,148,115,152,114,157,113,161,111,165,108,170,105,173,105,178,109,180,113,182,117,184,117,189,115,193,114,198,117,202,119,206,122,210,125,214,127,218,124,221,119,222
59,55,141,56,137,56,132,55,127,53,123,52,119,50,115,48,111,45,107,43,103,44,99,48,97,53,96,57,95,62,94,66,92,70,91,75,90,79,90,84,90,88,91,93,93,96,95,100,99,103,101,107,105,110,108,112,112,114,116,116,120,116,125,116,130,116,134,115,139,112,142,109,146,105,148,101,151,98,153,95,157,31,75,28,79,26,83,23,87,22,91,23,96,26,99,31,98,35,95,37,92,40,88,43,84,46,81,49,77,49,72,76,168,70,167,64,164,58,161,52,158,46,157,39,156,33,153,29,148,26,142,25,136,28,130,32,125,33,119,30,114,27,109,31,104,37,103,41,107,43,113,47,118,46,125,45,131,42,137,45,141,52,67,59,69,65,71,72,73,78,75,85,76,92,76,98,78,104,81,111,83,113,89,117,95,120,101,121,108,118,112,114,107,110,101,106,96,101,91,96,86,91,82,84,81,77,81,70,80,64,80,59,84,54,89,48,93,42,96,37,91,117,66,119,73,119,80,120,88,122,95,123,102,125,109,126,116,127,124,128,131,128,138,129,145,130,153,131,162,131,162,125,161,121,165,121,171,124,176,127,182,127,188,128,194,130,200,132,205,135,210,140,214,145,212,149,207,100,161,102,157,106,155,110,155,112,150,114,146,118,144,123,144,122,146,118,149,115,152,114,156,114,161,113,165,110,169,109,174,106,178,105,182,110,184,115,184,117,188,117,193,114,197,116,201,118,205,121,209,123,213,126,217,123,221,119,223
60,55,141,56,137,56,132,55,128,53,123,52,119,51,115,48,111,45,107,45,103,46,99,50,97,55,96,59,96,63,93,67,91,72,90,76,89,81,89,85,89,90,91,94,92,98,95,101,98,104,101,107,105,110,108,112,112,114,116,116,121,116,125,116,130,116,134,115,139,112,142,109,146,105,148,102,151,98,153,96,157,31,75,28,79,26,83,23,87,22,91,23,95,26,99,31,99,34,96,37,92,40,88,43,85,46,81,49,78,49,73,76,168,70,167,64,164,58,161,52,158,46,157,39,156,33,154,28,149,25,143,25,137,28,131,32,125,34,120,32,114,27,111,30,106,37,104,42,107,44,113,46,119,47,125,45,131,42,136,45,141,52,66,58,68,65,71,71,73,78,75,85,75,92,75,98,78,105,80,111,83,113,89,117,95,119,102,121,108,117,111,112,106,109,100,105,95,100,89,95,85,89,81,82,81,76,81,69,79,62,80,58,86,53,91,47,94,41,97,37,91,117,66,117,73,118,80,120,87,121,95,123,102,125,109,126,116,127,123,128,130,128,137,129,145,130,152,132,164,132,164,126,162,121,165,120,171,122,176,126,180,128,186,129,192,130,198,131,204,134,210,139,213,144,211,149,207,100,161,103,157,107,156,111,154,112,149,115,146,120,144,124,145,121,148,117,150,114,154,114,158,114,163,111,167,109,171,107,175,106,180,106,184,111,184,115,184,117,188,117,193,115,197,116,202,118,206,121,210,123,214,126,217,123,221,119,223
61,56,141,57,137,56,132,55,128,54,123,51,119,50,115,48,111,45,107,46,103,49,100,53,98,58,97,62,95,66,92,70,91,74,89,78,88,83,87,87,88,92,88,96,90,99,93,103,97,106,100,108,104,110,108,113,112,114,116,116,120,116,125,117,129,116,134,115,138,112,142,109,145,105,147,101,150,98,152,95,156,31,75,29,79,26,83,23,87,22,91,23,95,27,98,31,98,35,95,37,92,40,88,43,84,47,81,49,78,49,73,76,169,70,167,64,164,58,162,52,159,46,157,39,156,33,153,29,148,26,142,26,136,29,130,33,125,34,119,30,114,27,110,31,105,37,104,43,107,44,113,47,118,48,124,46,131,43,136,45,142,51,66,58,68,64,70,71,73,77,75,84,75,91,75,97,77,103,80,110,82,114,87,117,93,120,99,122,106,118,110,113,105,110,99,106,94,101,89,95,85,89,81,82,81,75,80,69,79,62,80,58,86,53,91,47,94,41,97,37,91,118,66,118,73,119,81,121,88,122,95,124,102,125,110,126,117,127,124,128,132,128,139,129,146,130,154,132,164,132,164,126,162,121,164,119,170,121,176,126,179,127,185,128,191,130,197,131,203,134,208,138,213,143,211,148,207,99,160,102,157,106,155,110,152,112,148,115,145,120,143,124,144,121,147,117,149,114,153,115,158,114,162,112,166,110,170,107,174,105,179,107,182,111,184,115,186,117,190,116,195,115,200,117,203,120,207,123,211,125,215,127,219,123,222,119,224
62,56,140,57,136,56,131,54,127,53,122,52,118,49,114,48,110,48,106,51,103,55,100,59,98,63,96,66,93,70,90,74,87,78,87,83,85,87,84,91,85,96,86,100,88,103,92,106,95,108,99,111,103,113,107,114,111,116,116,116,120,117,125,117,129,117,134,115,138,113,142,109,144,105,146,101,149,97,151,95,155,32,75,29,79,26,83,23,86,21,91,22,95,26,98,31,98,35,96,37,92,40,88,43,84,46,82,49,78,49,73,76,168,70,166,64,164,58,161,51,159,45,156,39,155,33,153,29,148,26,142,27,135,30,130,34,124,35,118,30,115,27,110,31,105,37,104,42,107,44,113,47,119,47,125,45,131,43,137,46,142,52,66,58,68,65,70,71,72,78,75,84,75,91,75,97,76,103,79,109,79,115,83,118,89,120,95,122,102,118,106,113,102,110,96,105,91,101,87,95,83,89,81,82,81,75,80,68,79,62,80,58,85,53,90,47,94,42,97,37,92,118,66,118,73,119,81,121,87,123,94,124,102,125,109,126,116,127,124,128,131,128,138,129,146,130,153,131,163,131,163,125,161,120,164,118,170,121,175,126,179,127,185,128,192,130,198,131,204,134,209,138,214,144,212,148,207,99,161,102,158,105,155,109,153,111,149,114,145,118,142,122,142,119,146,116,149,114,153,114,158,113,163,111,167,109,171,107,175,105,180,107,183,112,184,116,185,117,190,116,194,115,199,117,203,120,207,122,211,124,215,127,219,124,222,119,223
63,56,140,57,136,56,131,56,127,54,123,53,119,52,114,52,110,53,106,56,102,59,99,63,97,66,94,69,90,73,88,76,85,80,84,85,83,89,83,93,83,97,85,101,87,105,89,108,93,111,96,113,100,115,104,116,108,117,113,117,117,116,122,116,126,116,130,114,135,112,138,109,142,105,144,102,147,99,150,96,154,32,75,28,78,25,82,22,86,20,91,21,95,25,98,30,98,34,96,37,92,40,88,43,84,47,81,49,77,49,72,75,167,69,165,63,162,56,160,50,158,44,156,38,154,32,151,27,147,26,140,28,134,31,128,34,122,34,116,28,115,25,110,30,105,36,104,42,107,44,113,47,119,48,125,46,131,43,137,46,141,52,66,58,68,65,70,71,72,78,74,84,75,91,75,98,75,104,78,110,77,115,80,118,86,121,93,123,99,119,104,114,100,111,94,106,90,100,86,95,82,88,81,82,81,75,80,68,79,62,80,58,85,53,90,48,94,42,97,37,92,119,66,118,73,119,81,121,88,123,95,124,102,125,109,126,117,127,124,128,132,128,139,129,146,130,154,131,163,131,163,125,161,120,164,119,170,121,175,125,180,127,185,128,192,130,197,131,204,134,209,138,214,144,213,148,208,98,159,101,155,104,152,108,150,111,146,114,143,118,141,119,144,116,147,113,151,113,156,112,160,110,164,107,168,105,173,103,177,104,181,108,183,113,184,116,187,116,191,115,196,116,200,118,204,120,208,122,213,126,216,127,220,123,222,118,223
64,57,141,58,137,57,133,57,128,55,124,55,120,55,116,57,112,60,108,62,105,65,102,68,99,71,95,74,92,77,90,81,87,85,87,89,85,94,85,98,86,102,88,105,91,109,92,111,96,114,100,116,103,117,107,118,111,117,116,117,120,117,124,116,129,115,133,113,137,111,140,108,144,105,147,102,150,99,153,98,157,31,74,28,78,24,81,21,85,19,90,20,95,24,98,29,98,33,96,36,92,39,88,42,84,46,81,48,77,49,72,75,169,69,167,63,164,56,161,50,159,44,156,37,155,32,151,29,145,27,139,30,133,35,128,36,121,32,117,26,116,25,110,29,105,36,104,42,107,44,113,48,119,49,126,47,132,44,138,47,142,51,66,57,68,64,70,70,72,76,74,83,75,90,75,96,75,102,78,108,76,115,77,119,82,122,88,123,95,119,100,115,98,112,93,107,89,101,86,95,82,89,81,82,81,76,80,69,79,63,79,59,85,54,90,49,93,43,96,37,92,118,65,117,72,120,79,123,86,124,94,124,101,126,109,127,116,128,124,128,131,128,139,129,146,130,154,131,163,131,163,125,161,121,164,119,171,122,175,126,180,127,186,127,192,130,198,131,204,135,209,139,214,145,212,148,207,99,160,101,156,105,154,109,152,110,147,113,144,117,142,120,143,116,147,113,150,112,154,113,159,109,162,107,166,106,171,104,175,103,180,107,182,111,183,116,185,117,189,117,194,114,198,116,202,118,206,121,210,124,214,126,218,123,221,118,222
65,58,144,60,140,59,136,58,132,57,128,55,124,56,119,56,115,57,111,60,107,62,104,65,101,70,101,74,99,78,97,82,96,86,95,90,94,94,93,99,93,102,96,106,98,109,101,113,104,115,107,117,111,119,115,122,118,122,123,121,127,121,131,120,135,118,139,115,142,112,146,110,149,106,151,103,154,100,157,99,161,32,74,28,77,26,81,22,85,20,89,21,94,24,98,29,99,32,96,36,93,38,88,41,84,45,81,47,77,49,72,75,171,69,168,63,165,57,163,50,160,44,158,37,156,32,151,30,145,30,138,34,133,38,127,38,121,33,118,27,118,25,112,29,106,35,105,42,108,45,113,48,119,50,125,49,132,46,138,48,144,51,66,58,68,64,71,71,73,78,74,86,76,93,75,99,77,106,78,113,76,119,81,122,87,124,94,125,101,122,107,117,104,115,97,110,92,105,88,98,86,92,82,85,81,78,80,70,79,63,80,59,85,54,90,48,93,42,96,37,91,118,65,117,72,119,79,122,86,124,94,125,101,125,108,126,116,127,123,128,131,128,138,129,145,130,153,131,163,131,163,126,161,120,165,119,171,121,176,126,179,128,185,129,191,130,198,130,204,133,209,138,213,144,210,149,207,100,161,103,158,108,156,110,153,111,148,115,146,119,143,121,142,120,146,116,149,115,153,115,158,114,162,111,166,109,170,108,175,106,179,105,184,110,184,114,185,117,189,117,194,115,198,116,203,119,207,121,211,124,215,126,219,123,222,118,223
66,59,143,60,138,58,134,57,130,56,125,54,121,52,117,50,112,47,109,44,105,43,101,44,96,49,96,54,96,58,95,63,93,67,91,72,91,76,90,81,90,85,93,89,95,93,98,97,100,101,103,104,106,107,110,111,113,114,116,115,121,116,126,117,130,118,135,116,139,113,143,110,146,106,149,102,152,98,154,97,158,32,75,29,78,26,83,23,86,21,90,22,95,25,98,30,98,34,95,37,91,40,87,43,84,46,81,49,77,49,72,76,170,70,169,64,166,58,163,52,160,46,159,40,158,34,155,29,150,29,144,29,137,33,132,36,127,38,120,32,118,28,114,30,109,37,107,43,109,46,115,48,121,49,127,48,133,45,139,48,143,52,67,59,68,65,71,72,73,78,74,85,75,92,75,98,77,105,78,111,77,117,81,120,87,122,93,123,100,121,106,116,102,112,97,107,92,102,88,96,84,91,81,84,81,77,80,70,78,64,79,60,84,55,88,49,92,43,95,37,91,118,65,117,72,120,80,123,86,125,94,125,101,125,109,126,116,127,124,128,131,128,139,129,146,130,154,131,163,131,163,126,160,120,163,118,169,120,175,126,178,127,185,128,191,130,197,131,204,134,209,139,214,145,212,149,207,99,161,103,158,107,157,111,153,112,149,116,145,120,142,122,145,119,149,116,153,115,157,115,162,114,167,111,171,108,175,106,179,105,184,109,183,114,183,117,187,117,192,114,196,116,200,119,204,121,208,122,213,125,217,128,221,124,223,119,224
67,61,143,61,138,60,134,58,130,56,126,55,121,54,117,52,113,50,109,50,104,50,100,53,97,58,95,61,93,65,90,69,87,73,86,78,85,82,86,87,88,91,89,94,92,98,95,101,98,104,102,107,105,110,109,111,113,113,117,114,122,115,126,116,130,117,135,114,139,112,142,109,146,105,149,102,151,97,153,97,157,32,75,29,79,27,83,24,86,21,90,22,94,26,97,30,97,34,95,37,91,40,87,43,83,46,81,48,77,49,72,76,170,70,169,64,166,59,163,53,161,47,160,41,158,35,156,30,152,30,146,32,140,35,135,37,129,39,123,34,119,31,116,34,110,40,109,45,112,47,118,50,123,51,129,49,135,45,140,49,144,52,66,59,68,65,71,72,73,79,74,85,76,92,75,99,77,105,78,112,79,117,84,120,90,123,97,123,104,120,109,115,105,112,99,108,93,103,89,97,86,91,82,84,81,77,80,70,79,63,79,59,84,54,89,48,93,42,96,37,91,119,65,116,72,117,79,121,85,123,93,124,100,125,107,125,115,126,122,127,130,127,137,128,144,130,152,130,160,130,160,124,158,119,161,118,167,121,172,126,177,127,183,127,190,129,196,131,202,134,208,138,213,144,213,148,208,99,159,102,156,107,154,111,152,112,147,116,144,119,140,122,142,120,146,117,150,115,154,115,159,113,163,110,167,108,172,106,176,105,180,110,181,114,182,115,187,114,191,114,195,116,200,118,203,120,208,122,212,124,216,127,220,122,222,118,224
68,61,143,61,139,60,134,58,131,57,126,55,122,56,118,57,113,57,109,60,106,61,101,65,99,68,96,72,93,75,91,80,90,84,88,88,87,92,87,97,88,100,91,104,93,107,96,110,100,112,103,114,107,116,111,118,116,118,120,119,124,120,129,120,133,118,137,115,140,112,143,110,147,106,149,103,152,99,154,98,158,32,74,30,78,27,82,24,85,22,90,23,94,26,97,31,98,35,95,37,91,40,87,43,83,47,81,48,77,49,72,76,172,70,171,64,168,59,164,54,161,47,160,41,159,35,157,31,152,30,146,32,140,35,135,38,129,40,123,35,120,31,117,34,111,39,109,45,112,47,117,50,122,50,129,50,135,47,140,50,144,51,66,57,68,64,71,71,72,77,74,84,76,91,76,97,76,104,78,110,77,116,80,120,86,122,93,123,99,119,105,115,101,112,95,107,90,101,88,95,83,89,82,82,81,75,80,68,79,62,79,58,85,53,90,48,94,42,96,37,91,117,65,117,72,118,79,120,86,122,93,123,100,124,108,125,115,126,122,127,129,127,137,128,144,130,151,130,160,130,160,124,158,119,162,118,168,122,173,126,177,127,184,127,190,129,196,131,202,134,208,138,213,143,213,148,209,99,158,103,155,108,153,111,150,113,146,117,143,120,139,122,141,121,146,118,150,115,154,114,159,113,164,110,167,107,171,105,176,105,180,110,181,115,183,117,187,115,192,114,196,116,200,119,204,121,208,122,213,125,217,127,220,123,222,118,224
69,58,143,59,139,58,134,57,130,56,126,53,122,52,117,49,114,47,109,46,105,48,101,52,99,57,99,61,98,65,96,70,94,74,93,79,92,83,92,88,94,92,95,96,97,100,99,104,102,107,106,110,109,113,112,116,116,118,120,119,125,119,129,121,134,120,138,116,141,114,145,110,148,106,150,102,152,97,153,97,157,32,74,29,78,26,82,23,85,21,89,22,94,26,97,30,97,35,95,37,92,40,88,43,84,47,81,48,77,49,72,76,171,70,169,64,166,58,164,52,161,46,159,39,158,33,156,28,151,28,145,29,139,33,134,37,129,38,122,35,118,29,118,31,112,37,109,43,111,46,116,48,122,49,128,49,134,45,139,48,144,52,66,59,68,65,71,72,73,79,74,86,76,93,75,100,78,106,79,113,80,118,85,121,92,124,98,124,105,121,111,116,106,113,99,110,93,104,89,98,85,92,82,85,82,78,80,71,79,63,79,59,85,54,90,48,93,42,96,37,91,117,65,117,72,119,80,121,87,123,94,124,101,125,108,125,115,126,123,128,130,128,137,129,145,130,152,130,159,130,159,124,157,119,161,118,167,121,172,126,177,127,183,127,190,129,196,131,202,134,208,137,214,143,213,148,208,99,158,103,155,108,155,112,154,114,150,117,146,121,143,125,143,124,147,120,150,117,154,115,158,114,163,111,167,108,170,107,175,107,179,112,180,116,182,118,187,116,191,113,193,115,197,117,202,118,206,121,210,123,214,126,218,123,221,118,222
70,54,139,56,136,54,131,54,126,53,122,51,118,48,114,44,111,41,108,39,104,38,100,41,97,45,94,49,92,54,92,58,90,63,88,67,88,72,88,77,90,81,92,85,94,89,96,93,99,96,102,100,105,104,107,108,109,110,113,112,118,113,122,113,127,113,132,111,136,109,140,107,144,103,147,99,149,94,149,93,153,30,74,27,78,24,82,21,86,20,90,22,94,25,98,30,98,34,96,37,92,40,88,43,84,46,80,49,77,48,72,74,168,68,166,62,164,56,161,51,158,45,156,39,155,33,153,28,148,25,143,25,136,27,131,31,126,33,120,29,115,26,111,30,106,36,104,41,107,43,113,46,119,46,125,44,131,41,136,44,140,53,67,60,67,66,70,72,73,78,74,85,75,92,75,98,76,105,77,111,76,117,79,121,85,122,91,124,98,121,103,116,101,112,96,108,91,102,87,97,83,91,81,84,81,78,80,71,78,64,78,59,83,54,87,49,91,43,93,37,91,118,65,117,72,119,79,122,86,124,93,124,101,125,108,126,115,127,123,128,130,128,137,129,145,130,152,130,158,130,158,124,157,120,162,121,168,124,173,127,179,127,185,128,192,130,198,132,204,135,209,139,214,145,213,149,208,96,153,100,150,103,146,108,145,112,143,115,138,120,137,123,141,118,143,115,146,112,150,112,155,110,160,107,164,104,168,103,173,106,176,111,176,115,179,115,184,113,188,113,193,116,197,118,202,121,206,122,211,124,215,127,219,123,222,118,223
71,56,141,58,137,57,133,56,129,55,124,53,120,52,116,49,112,46,109,44,105,44,100,47,97,51,96,56,95,60,94,64,92,69,91,73,91,78,91,82,92,86,94,90,96,94,99,98,101,101,104,105,106,109,109,112,112,114,117,115,121,115,125,116,130,115,134,113,138,111,142,109,146,105,149,101,150,97,152,95,156,31,75,27,79,24,82,21,86,19,90,21,95,24,98,29,98,34,96,37,93,40,88,43,84,46,81,49,77,49,72,75,169,69,167,63,165,57,162,50,159,44,157,38,155,32,153,27,148,26,141,27,135,30,130,34,124,34,118,28,117,25,111,29,107,36,105,41,108,44,114,48,119,48,126,46,132,43,138,46,142,53,67,60,68,66,71,73,73,80,74,86,75,93,75,100,77,107,77,113,76,118,81,121,87,123,94,124,101,121,107,117,103,114,97,109,92,104,87,98,85,92,81,85,81,78,80,71,78,65,78,60,83,55,88,49,92,43,94,37,91,117,65,117,72,119,80,121,87,123,94,125,101,125,109,126,116,127,123,128,131,128,138,129,145,130,153,130,158,130,158,124,157,120,162,120,168,123,173,126,179,128,185,128,191,129,197,131,203,134,208,138,213,143,213,148,209,99,158,101,154,105,151,109,149,112,145,115,142,118,139,121,142,117,145,114,149,114,153,113,158,110,162,108,166,106,170,104,174,105,178,109,180,113,182,116,186,115,190,114,195,116,199,118,203,120,207,122,211,125,215,127,219,123,221,118,222
72,58,141,59,137,57,132,56,128,54,124,53,120,52,115,51,111,52,107,54,102,56,99,60,96,63,93,67,89,70,87,74,84,78,83,83,82,87,82,92,84,96,86,99,89,103,92,105,96,107,99,110,103,112,107,114,111,115,116,116,120,117,125,117,129,117,134,115,138,113,141,109,144,105,146,102,150,99,152,96,156,32,75,29,79,26,82,22,86,20,90,21,95,24,98,29,98,34,96,36,92,39,88,42,84,46,82,49,78,50,73,76,168,69,167,63,164,57,162,51,159,45,157,38,155,32,153,28,147,28,141,29,134,34,129,36,123,36,117,29,116,26,113,28,107,34,105,41,108,44,113,47,119,49,125,48,131,45,137,47,143,52,66,58,68,65,70,71,72,78,74,84,75,91,75,98,75,103,78,110,76,116,79,119,84,122,90,124,97,120,101,115,99,112,93,107,89,101,85,95,82,89,81,82,80,76,79,69,79,62,80,58,85,54,90,48,94,42,97,38,92,118,65,117,72,119,80,122,87,124,94,124,101,125,109,126,116,127,124,128,131,128,139,129,146,130,154,131,161,131,161,125,159,119,162,118,168,121,173,126,177,127,184,128,190,130,196,131,202,134,208,138,213,144,211,149,207,98,158,102,155,106,153,110,150,111,145,115,142,118,139,121,140,117,144,115,148,114,153,113,158,112,163,110,167,107,171,105,176,104,180,108,182,112,182,116,185,117,190,114,194,116,198,117,203,120,207,123,211,124,216,127,220,124,223,119,224
73,58,141,59,137,57,132,56,128,54,123,53,119,51,115,49,111,46,107,45,102,47,98,49,94,53,91,57,89,60,85,64,82,68,81,72,80,77,80,82,81,86,83,90,86,92,90,96,93,99,95,102,100,105,103,107,107,109,111,110,116,111,120,112,125,113,129,113,134,111,138,109,142,105,145,101,148,97,149,95,153,32,75,28,78,27,82,23,85,21,89,22,94,25,97,30,97,33,94,37,91,39,87,42,84,46,81,48,77,49,72,75,169,70,168,64,165,58,163,52,160,46,158,40,158,34,155,29,150,28,144,30,138,33,133,35,126,36,120,30,118,29,112,32,107,39,107,44,111,46,116,49,122,49,128,46,134,43,140,48,143,53,67,60,68,66,70,72,73,79,74,85,75,92,75,98,76,105,77,111,76,117,80,120,85,123,91,124,97,119,102,114,98,110,93,106,88,100,85,94,82,87,80,81,79,74,78,68,78,61,79,58,85,53,89,48,94,42,95,37,91,118,65,117,72,120,79,123,86,125,94,125,101,126,109,127,116,128,124,128,131,128,139,129,146,130,154,131,160,131,160,125,157,119,159,117,166,119,172,125,175,126,182,126,188,129,195,131,201,134,207,137,213,143,213,148,208,97,156,100,152,104,149,108,147,112,143,115,140,117,136,120,139,118,144,115,147,113,152,111,157,108,160,106,165,105,169,103,174,105,178,110,180,114,182,116,186,114,190,114,195,116,199,118,204,121,208,121,213,125,216,126,220,122,222,117,223
74,59,142,60,138,58,133,57,129,56,125,53,121,53,116,51,112,48,109,48,104,49,100,52,96,55,93,58,90,61,86,66,84,70,82,74,81,79,81,83,83,88,84,91,87,94,91,97,94,101,97,103,101,105,105,107,109,108,113,110,118,110,122,111,127,112,131,112,136,110,140,108,144,104,147,101,150,98,152,96,156,31,74,28,78,26,82,23,85,21,89,22,93,26,96,30,97,34,94,37,90,40,87,42,83,46,80,48,76,48,72,75,171,69,169,64,166,58,164,52,161,46,160,40,159,35,156,30,151,29,145,30,139,34,134,36,128,37,122,32,118,30,113,34,109,41,109,45,112,47,118,49,124,50,130,47,136,44,141,49,144,52,66,58,68,65,70,71,73,78,74,84,75,91,75,97,76,104,77,110,77,115,82,119,87,122,93,123,100,118,104,114,99,110,94,106,89,100,86,94,83,88,80,81,80,75,79,68,78,62,79,58,85,53,90,48,93,41,96,37,91,117,64,118,71,120,78,121,85,123,92,123,99,124,107,126,114,127,121,127,128,128,135,128,143,129,150,130,159,130,159,124,157,118,159,116,166,120,171,125,176,127,182,127,189,129,195,131,202,134,208,139,213,145,213,149,208,98,157,101,154,106,151,109,148,112,144,116,141,118,137,120,141,118,145,115,149,114,154,112,158,109,162,108,166,106,171,104,176,105,180,110,180,114,182,116,187,113,191,114,195,117,199,118,204,120,208,121,212,124,216,127,220,123,222,118,224
75,60,143,61,139,59,135,58,131,56,127,55,122,53,118,54,114,54,110,57,106,58,102,60,98,64,97,67,94,71,91,75,89,79,87,83,86,87,86,92,87,96,88,99,91,102,94,106,98,109,101,111,105,113,109,114,113,115,117,115,122,115,126,116,131,116,135,114,139,111,142,108,145,104,148,102,152,99,155,98,159,32,74,30,78,27,81,24,85,22,89,22,93,26,96,30,97,34,95,37,91,39,87,42,84,45,81,47,77,48,72,76,172,70,171,64,168,59,165,53,162,47,161,41,160,35,157,31,152,30,146,32,140,36,135,37,129,39,123,34,120,32,115,35,110,41,109,46,114,47,120,50,125,51,131,49,137,45,141,50,145,52,66,58,68,65,71,71,73,77,74,84,75,91,75,97,76,104,77,110,75,116,78,120,83,122,89,123,96,119,101,115,97,110,92,106,88,100,85,94,82,87,80,81,80,74,79,68,77,62,79,58,85,53,89,48,93,42,96,37,91,117,65,117,72,120,79,123,86,124,94,124,101,125,108,126,116,127,123,128,131,128,138,129,145,130,153,130,160,130,160,124,158,119,161,118,167,121,173,125,177,127,183,128,190,129,196,131,203,134,209,138,214,144,213,149,208,99,159,102,155,106,154,109,150,112,146,116,143,118,139,120,143,118,147,114,150,114,155,113,160,111,164,108,168,106,172,105,177,105,181,110,181,115,182,117,186,115,190,113,195,117,198,117,203,120,207,122,211,125,216,127,220,123,222,118,223
76,58,143,59,138,58,134,57,129,55,125,53,120,50,116,47,113,44,109,42,105,42,100,46,98,51,98,56,98,61,97,65,95,70,94,75,94,80,94,84,94,89,96,94,97,98,99,102,102,106,105,109,109,113,112,116,116,117,120,119,125,120,129,121,134,120,139,117,142,113,146,109,148,106,152,101,152,96,153,96,157,32,74,30,78,26,81,24,85,22,90,22,94,26,97,30,97,34,95,37,91,40,87,43,84,46,81,48,77,49,72,76,171,70,169,64,167,59,164,53,161,47,159,41,158,35,156,30,151,29,145,30,139,33,134,36,128,37,122,34,118,30,115,33,109,38,107,43,111,46,116,48,122,49,128,48,134,45,139,48,144,52,66,59,67,65,71,72,73,79,74,86,75,93,75,100,77,106,79,113,80,118,84,121,90,124,97,124,104,121,110,116,105,113,99,109,94,104,89,98,86,92,82,85,81,78,80,71,79,64,79,59,84,54,89,48,93,42,95,37,90,116,64,117,71,119,78,121,85,123,92,124,100,124,107,125,114,125,121,127,129,127,136,128,143,130,150,129,158,129,158,123,157,118,161,118,168,122,172,126,177,127,183,128,190,129,196,131,202,134,208,138,213,143,213,148,209,99,157,104,155,109,155,113,153,115,149,118,144,122,142,127,141,125,146,121,149,118,152,117,157,115,161,112,165,109,169,106,173,109,178,114,178,117,181,117,186,113,189,113,193,116,197,118,202,120,207,122,211,124,216,127,219,123,221,118,223
77,56,141,57,136,56,131,55,127,54,122,52,117,49,113,46,110,43,106,40,102,37,98,40,95,44,95,49,94,54,94,59,95,64,95,69,94,74,94,78,95,83,97,88,98,92,100,97,102,101,104,105,107,109,110,113,113,115,117,116,122,118,127,118,132,116,136,114,140,112,145,108,148,104,150,99,149,94,149,94,154,31,75,28,79,25,82,24,86,22,91,23,95,26,98,31,98,34,95,37,91,40,87,42,84,46,80,48,77,49,72,75,169,69,167,63,165,58,162,52,159,46,158,40,157,34,154,30,149,27,144,27,137,30,132,33,126,35,120,32,116,28,111,32,106,38,105,42,109,45,114,47,120,47,126,46,132,43,138,46,142,53,66,60,68,66,70,72,72,79,74,85,75,92,75,99,76,105,77,112,77,117,81,121,86,122,93,123,100,120,106,115,102,111,97,107,91,102,88,96,84,91,81,84,81,77,80,71,78,64,78,59,83,54,87,49,91,43,93,37,90,118,65,118,72,119,80,121,87,123,94,124,101,125,108,126,115,127,123,127,130,128,137,129,144,130,152,130,157,130,157,123,156,118,160,118,166,122,172,126,177,127,183,127,190,129,196,132,202,135,208,138,214,144,213,149,208,98,156,101,153,106,151,110,150,112,145,116,142,120,140,123,143,119,145,116,148,114,153,113,158,110,162,107,166,104,170,103,174,106,178,111,179,115,181,117,185,114,189,113,194,116,198,117,202,120,206,121,211,125,214,127,218,123,221,118,222
78,60,144,60,139,59,135,57,131,57,126,54,123,52,118,51,114,48,110,48,106,49,101,53,99,57,99,62,100,67,100,71,99,76,98,80,98,85,97,89,98,94,98,98,100,102,103,106,105,109,108,113,110,116,114,118,118,121,122,122,126,123,131,123,135,121,139,117,143,114,146,110,148,106,151,102,152,98,153,97,157,31,74,29,78,27,82,24,86,22,90,23,94,26,97,31,97,34,95,37,91,39,87,42,84,46,81,47,77,48,72,76,172,70,170,65,167,59,164,53,161,47,160,41,159,35,157,31,152,30,146,31,140,34,135,37,129,38,123,34,119,31,115,34,109,40,108,45,112,46,118,50,123,50,129,49,135,46,140,49,145,51,66,58,68,65,71,71,73,78,74,85,76,93,75,99,78,106,79,113,80,117,85,120,92,123,98,124,105,122,112,117,108,113,102,109,96,105,90,98,88,93,83,86,82,79,81,72,79,65,79,60,83,55,88,49,92,43,95,37,91,118,65,117,72,117,80,119,87,122,93,124,100,124,108,125,115,126,122,127,129,127,137,129,144,130,151,129,158,129,158,123,156,118,159,117,166,120,171,125,175,127,181,127,188,129,194,130,200,133,206,137,212,143,212,148,208,100,157,104,155,109,155,113,153,115,149,119,145,122,142,127,141,126,145,123,148,119,151,117,156,116,160,113,164,109,167,106,171,106,175,111,177,114,180,116,184,115,188,114,193,115,197,117,202,119,206,122,210,124,214,127,218,123,220,118,222
79,59,144,60,140,60,135,58,131,56,127,54,123,54,118,51,115,51,111,53,107,54,103,58,102,63,103,67,102,72,101,76,100,80,99,85,98,89,98,94,97,98,98,102,100,106,103,109,105,112,109,115,112,118,115,121,119,123,123,124,128,124,132,124,137,121,140,118,143,115,146,112,149,108,152,104,153,100,155,98,159,32,74,30,78,27,82,25,86,22,90,24,94,26,98,31,98,34,95,37,91,40,88,43,84,47,81,48,77,49,72,76,172,70,170,65,167,59,164,53,161,47,160,41,159,35,156,31,151,30,145,31,139,35,134,38,129,39,122,34,119,31,115,34,110,40,108,45,112,47,117,49,123,51,129,49,135,45,140,49,144,51,66,58,68,64,71,71,73,79,74,86,76,93,75,100,78,106,78,113,80,118,85,120,92,123,99,124,106,122,112,116,108,114,101,110,95,105,90,99,87,93,83,86,82,79,80,71,79,64,79,59,84,54,89,48,93,42,96,37,91,118,65,117,72,118,80,121,86,123,93,125,101,125,108,126,115,127,123,128,130,127,137,128,145,130,152,130,158,130,158,124,157,118,160,118,167,121,172,126,176,127,183,127,189,129,196,131,202,134,208,138,213,144,213,148,208,100,158,105,156,110,156,114,154,116,149,119,146,124,143,128,144,125,148,121,151,118,154,117,159,115,164,111,167,107,170,106,175,110,178,115,178,118,182,117,187,114,189,112,193,115,197,117,202,119,206,122,210,125,214,126,218,122,220,117,222
80,58,144,59,140,58,135,57,131,55,127,54,122,52,118,49,115,48,110,48,106,51,103,56,102,60,102,65,102,69,101,73,99,78,99,82,98,87,98,92,97,96,98,100,100,104,103,107,105,111,109,114,111,118,115,120,119,122,123,123,127,124,132,123,136,121,140,117,143,115,147,111,150,107,152,103,153,98,155,97,158,31,75,29,79,27,83,24,87,22,91,24,95,27,98,31,98,35,95,37,91,40,88,43,84,46,82,48,77,49,73,76,171,70,169,64,166,58,163,52,161,46,159,40,158,34,155,30,150,29,143,30,137,33,132,37,126,37,120,32,117,29,114,32,109,38,107,44,110,46,116,49,121,49,128,48,134,45,139,48,144,51,66,58,68,64,71,71,74,78,75,85,76,92,75,99,77,105,80,112,80,117,86,119,93,123,99,123,106,121,112,116,108,113,102,109,96,104,91,98,87,93,83,86,82,79,80,71,79,64,79,59,84,54,89,48,93,42,96,37,92,117,65,118,72,119,80,122,87,123,94,124,101,125,109,126,116,127,123,128,131,128,138,129,145,130,153,130,161,130,161,124,159,119,162,117,168,120,173,125,177,127,183,127,190,129,196,131,202,134,208,138,213,144,213,148,208,101,159,105,157,110,158,113,154,115,150,119,147,123,144,127,146,124,150,120,152,118,156,117,161,114,165,110,167,106,171,105,175,110,177,114,177,118,180,116,185,113,189,113,193,115,197,118,202,120,206,123,210,126,214,126,217,122,219,117,221
81,55,142,57,138,56,133,55,129,54,124,52,120,50,116,47,112,45,109,43,104,43,100,48,99,52,97,57,97,61,96,66,95,70,94,75,94,80,94,84,94,89,95,93,96,98,97,101,100,105,104,108,107,111,110,114,114,116,118,117,123,118,127,118,132,117,136,115,140,112,144,109,147,105,150,101,152,97,153,95,157,31,75,28,79,26,83,24,87,22,91,23,95,26,98,31,98,34,95,37,92,40,88,43,84,46,81,49,77,49,73,76,169,70,168,64,165,58,162,52,159,46,157,39,156,33,153,29,148,26,142,26,136,29,130,34,125,34,118,31,114,28,111,31,105,37,104,42,107,44,113,47,119,47,125,46,131,43,137,46,142,52,67,59,69,66,71,72,73,79,75,86,76,93,75,99,78,105,81,112,83,116,89,120,95,122,102,122,109,119,112,115,107,111,101,107,95,102,90,96,86,91,82,84,81,77,80,70,79,63,79,59,85,54,90,48,94,42,96,37,91,118,66,118,73,119,81,121,87,123,95,124,102,125,109,126,116,127,124,128,131,128,138,129,146,130,153,131,161,131,161,125,160,120,164,120,170,123,175,126,180,127,186,129,192,130,198,131,204,135,209,139,214,144,213,148,208,100,160,103,156,107,155,112,152,114,149,118,146,123,144,126,147,123,150,118,151,115,155,115,159,114,164,110,168,108,171,104,175,105,179,110,179,114,182,116,186,116,191,113,195,115,198,118,202,120,207,122,211,126,214,128,218,124,221,119,222
82,55,141,56,137,56,132,55,128,53,123,52,119,50,115,47,111,45,107,44,103,45,99,49,97,53,96,58,96,62,95,66,93,71,91,75,90,80,90,84,90,89,91,92,94,97,96,100,98,104,102,107,105,110,108,112,112,114,116,116,121,116,125,116,130,116,134,115,139,112,142,109,146,105,148,102,151,98,153,96,157,31,75,28,79,26,83,23,87,22,91,23,95,26,99,31,99,34,96,37,92,40,88,43,85,46,81,49,78,49,73,76,169,70,167,64,164,58,161,52,158,46,157,39,156,33,153,29,148,26,142,26,135,29,129,33,124,35,118,30,114,27,109,31,104,37,102,42,107,44,113,46,118,47,125,45,131,42,136,45,141,52,67,59,69,65,71,72,73,78,75,85,76,92,76,98,78,105,81,111,84,114,89,117,96,120,102,121,108,117,111,113,105,110,100,105,95,100,90,95,85,90,81,83,81,76,81,69,79,63,80,58,85,53,90,48,94,41,96,37,91,117,66,118,73,119,80,121,87,122,94,124,101,125,108,126,116,127,123,128,130,128,137,129,145,130,152,131,162,131,162,125,160,121,164,120,170,123,175,126,180,127,186,128,192,130,198,131,204,135,209,138,214,144,213,148,208,100,161,102,157,106,155,111,154,112,150,114,145,118,143,123,144,122,147,118,148,114,152,114,157,114,161,112,165,108,169,108,173,105,177,105,182,109,183,114,184,116,188,117,193,115,197,115,200,118,204,121,208,123,213,126,216,123,220,119,222
83,55,141,57,137,56,133,55,128,53,124,52,119,51,115,48,111,45,108,45,103,47,99,51,97,55,97,60,96,64,94,68,92,72,90,76,89,81,89,85,89,90,90,94,92,98,95,101,98,104,101,107,105,110,108,113,112,114,117,115,121,116,126,116,130,116,135,114,139,112,143,109,146,105,149,101,151,97,154,96,158,31,75,29,79,26,83,24,87,22,91,23,96,26,99,31,98,35,96,37,92,40,88,43,84,46,82,49,78,49,73,76,169,69,168,64,165,58,162,52,158,46,157,39,156,33,154,29,149,26,143,26,136,29,130,33,126,35,119,32,114,27,111,30,106,36,104,42,107,44,113,46,119,47,125,46,131,43,137,46,142,52,67,59,69,65,71,72,73,78,75,85,76,92,76,98,78,105,81,111,84,113,90,117,96,119,103,121,109,117,112,113,107,109,101,105,95,101,90,96,86,90,82,83,81,76,81,69,80,63,81,58,85,53,90,47,94,41,97,37,91,117,66,118,73,119,81,120,88,122,95,123,102,125,109,126,117,127,124,128,132,128,139,129,146,130,154,131,162,131,162,126,160,122,165,121,171,124,175,127,181,127,187,129,193,130,199,132,205,135,210,140,214,145,212,149,207,100,161,103,157,107,156,111,153,112,149,115,145,120,144,125,144,123,147,118,148,115,151,114,156,114,161,112,165,109,168,108,173,105,178,105,182,110,183,115,184,117,188,118,193,115,197,116,200,118,205,120,209,123,213,126,217,124,221,119,222
84,56,141,57,137,57,132,55,128,54,123,52,120,51,115,48,111,46,108,47,103,50,100,54,98,58,97,63,96,67,94,71,92,75,90,79,89,84,88,88,89,93,90,96,92,100,95,103,98,106,101,109,105,111,109,113,113,115,117,116,121,116,126,117,130,117,135,116,139,113,142,110,146,106,148,103,150,99,153,97,157,31,75,28,79,27,83,24,87,22,91,23,96,26,99,31,98,34,96,37,92,40,88,43,84,46,81,49,78,49,73,76,169,69,167,63,165,57,162,51,159,45,157,38,156,32,154,28,148,26,142,27,135,30,129,35,124,36,118,32,114,27,111,32,106,37,103,42,107,45,113,47,119,47,125,47,132,43,137,46,142,52,67,59,69,65,71,72,73,79,75,86,75,92,75,99,78,105,81,111,84,114,90,116,97,120,103,121,110,117,111,113,106,109,101,106,94,100,90,95,85,89,82,83,81,76,81,69,79,62,80,58,85,53,90,47,94,41,97,37,91,118,66,118,73,118,81,120,88,122,95,124,102,125,109,126,116,127,124,128,131,128,138,129,145,130,153,132,164,132,164,126,162,121,165,119,171,122,176,126,181,127,187,128,193,130,199,131,205,135,210,140,214,145,212,149,207,100,161,103,158,107,156,111,154,112,150,115,146,120,144,124,145,122,148,118,149,114,152,114,157,114,162,112,167,109,170,107,174,105,179,106,184,111,184,115,185,118,188,118,193,115,196,115,201,118,205,120,209,123,213,126,217,124,221,119,223
85,57,141,58,137,56,132,55,128,54,124,53,119,52,115,50,111,48,107,51,104,55,102,59,99,63,97,67,95,71,93,75,91,79,88,83,86,87,86,92,86,96,87,100,89,103,93,106,96,109,100,111,104,113,108,115,112,116,117,117,121,117,126,117,130,118,135,116,139,113,142,110,145,105,146,102,149,99,153,97,157,32,75,29,79,26,82,24,86,22,91,23,95,26,98,31,98,34,96,37,92,40,88,43,85,47,81,49,78,49,73,76,169,70,167,64,165,58,162,52,159,45,157,39,156,33,153,28,149,27,142,28,136,31,130,35,125,37,118,32,115,27,113,31,108,36,105,42,107,45,113,47,119,49,124,47,131,44,137,46,142,51,67,58,68,64,71,71,73,78,75,84,76,91,75,98,77,104,80,111,81,115,86,117,93,121,99,123,105,118,109,114,104,111,97,106,93,101,88,95,84,89,82,82,81,75,80,68,79,61,81,58,87,53,91,47,95,41,98,37,92,118,66,118,73,119,80,121,87,122,94,124,102,125,109,126,116,127,123,128,130,127,138,129,145,130,152,132,165,132,165,127,162,121,164,118,170,119,175,125,178,127,184,128,190,129,196,130,203,132,208,137,213,143,212,148,208,100,162,103,158,107,156,111,154,113,149,116,146,121,144,124,146,120,149,116,152,115,156,115,161,112,165,110,169,107,173,105,178,103,182,106,184,111,184,115,187,118,191,117,195,115,199,117,204,119,208,122,212,125,216,127,220,123,222,118,223
86,57,140,57,136,57,131,56,127,54,123,53,119,52,114,53,110,53,106,56,103,60,100,63,97,67,95,70,92,74,89,77,86,81,85,86,84,90,83,94,83,99,85,103,87,106,90,109,93,111,97,113,101,115,105,116,109,117,114,117,118,117,123,117,127,117,132,115,136,113,139,109,142,105,145,102,148,99,151,97,155,32,75,29,79,26,82,23,86,21,90,22,94,25,98,30,98,34,96,37,92,40,89,43,85,46,82,49,78,49,73,75,168,69,167,63,164,57,161,50,159,44,157,38,155,32,152,27,148,27,141,29,135,33,130,36,124,37,117,31,115,26,114,28,108,34,106,41,108,44,113,47,119,49,124,47,131,44,137,46,142,52,66,58,68,65,70,71,72,78,74,85,75,92,75,98,75,104,79,110,77,115,80,118,86,121,92,123,99,119,103,114,100,112,94,106,90,101,86,95,83,89,81,82,81,75,80,69,78,62,80,58,85,54,90,48,94,42,97,38,92,120,66,117,73,118,80,122,87,124,94,124,102,125,109,126,117,127,124,128,132,128,140,130,147,130,154,132,163,132,163,126,161,120,164,118,170,121,175,126,179,127,185,127,192,130,198,131,204,134,210,139,214,145,212,149,207,99,159,102,155,105,152,109,151,112,147,115,143,119,141,122,144,118,147,115,150,114,154,114,159,111,163,109,167,108,172,106,176,104,180,108,181,112,183,115,187,116,191,115,196,115,200,118,203,121,207,122,211,124,215,127,219,123,222,119,223
87,57,140,58,136,57,131,56,127,55,123,54,119,53,114,56,111,57,107,60,104,64,101,67,97,70,94,72,91,76,88,79,85,84,85,88,84,92,84,96,84,101,86,104,88,108,90,111,93,112,98,115,101,117,105,117,109,118,114,117,118,116,122,116,127,115,131,113,135,110,139,108,142,105,145,101,148,99,152,97,156,32,75,28,78,26,82,22,86,20,90,21,95,25,98,29,99,33,96,36,93,40,89,42,85,46,82,49,78,49,73,75,168,68,166,62,164,56,161,50,159,43,157,36,155,31,151,27,145,28,138,30,132,34,127,37,121,35,115,29,116,25,113,28,106,35,105,41,107,44,113,47,118,49,124,47,131,44,137,47,142,52,66,58,68,65,70,71,72,78,74,85,75,91,75,98,75,104,78,109,74,115,77,119,83,122,89,124,95,120,100,115,98,112,93,107,88,101,85,95,82,88,81,82,81,75,80,68,78,62,80,59,86,54,90,49,94,43,97,38,92,119,65,117,72,120,79,123,86,125,93,125,101,125,108,127,116,128,123,128,131,128,139,129,146,130,154,131,163,131,163,125,161,120,164,119,170,122,175,126,180,127,186,128,192,130,198,131,205,135,210,139,214,145,212,149,207,98,159,100,155,104,153,108,151,110,147,113,144,116,140,119,143,116,147,113,150,113,155,112,159,111,164,109,168,106,172,105,177,104,181,107,183,112,183,115,186,115,191,115,196,116,200,118,204,121,208,122,213,125,217,126,220,122,222,118,224
88,58,142,59,138,59,133,57,130,56,125,56,121,59,118,62,115,64,111,66,107,69,104,72,102,75,98,78,95,82,93,86,92,90,90,94,89,98,87,101,89,105,92,109,93,112,96,115,100,118,103,120,107,121,111,121,116,120,120,120,125,120,129,118,133,116,137,113,140,110,144,110,148,106,151,103,154,99,156,99,160,31,74,28,78,25,82,22,86,20,90,21,95,24,99,29,99,34,96,37,93,39,88,42,84,46,81,48,77,49,72,75,171,69,169,63,166,57,163,51,160,44,158,38,156,32,152,29,147,29,140,30,134,35,129,39,124,37,118,31,117,26,114,28,108,34,106,41,108,45,113,47,119,50,125,49,131,46,137,48,143,50,66,57,68,63,70,70,73,76,75,83,76,90,76,97,75,103,78,110,76,116,77,120,83,123,90,123,96,121,102,115,101,114,95,109,90,103,87,97,84,90,82,83,81,76,80,70,79,63,79,59,85,55,90,48,93,43,97,38,92,119,65,117,72,119,79,122,86,124,94,125,101,125,109,127,116,128,124,128,131,128,139,129,146,130,154,132,164,132,164,127,162,122,165,119,171,121,176,126,180,127,186,128,192,130,198,131,204,134,210,138,214,144,211,148,207,100,161,103,157,107,156,110,152,112,148,116,145,120,142,122,145,118,148,115,151,114,156,114,161,112,165,108,168,107,173,105,177,104,182,107,184,112,184,116,185,119,189,117,194,115,198,117,202,118,207,121,211,124,215,126,219,123,222,118,223
89,59,144,61,140,60,136,58,132,57,128,56,124,57,119,56,115,56,111,57,107,58,103,61,100,65,100,70,100,73,98,78,98,82,96,86,95,90,94,95,94,99,96,103,98,107,100,110,103,113,106,115,110,118,114,120,118,121,122,121,126,121,131,121,135,119,139,116,142,113,146,110,149,106,152,103,155,100,158,100,162,31,75,28,79,25,83,22,87,21,91,22,96,26,99,31,99,34,96,37,92,40,88,43,84,47,81,49,77,49,72,75,171,69,169,63,166,57,162,51,159,44,158,38,156,32,152,29,147,29,140,31,133,36,128,39,123,37,116,31,117,27,115,29,109,35,106,42,108,46,113,48,119,50,124,49,131,46,137,48,143,51,66,58,68,65,71,72,74,79,75,86,76,93,75,100,77,107,78,114,78,119,84,122,90,124,97,125,104,121,110,117,106,115,99,110,93,105,89,99,86,93,82,85,81,78,80,71,79,63,80,59,85,55,90,48,94,42,97,37,92,118,65,117,72,118,80,121,87,124,94,125,101,125,109,126,116,127,124,128,131,128,139,129,146,130,154,132,164,132,164,126,162,120,165,118,171,122,176,126,181,128,187,129,193,130,200,132,206,135,211,141,214,146,210,151,206,101,162,104,159,108,157,112,155,112,150,116,147,120,145,124,143,123,146,119,150,117,154,116,158,115,163,112,167,109,171,107,175,105,180,107,183,112,183,116,185,117,190,115,194,115,199,117,203,120,207,122,211,124,215,127,219,123,221,118,223
90,59,144,61,140,60,135,58,131,56,126,54,122,53,117,51,113,48,109,45,106,44,101,45,97,50,96,55,96,59,96,63,93,67,91,72,91,77,91,82,91,86,94,90,96,94,98,98,101,102,104,105,107,109,110,112,114,114,118,116,122,116,127,118,132,118,136,116,140,113,144,109,147,106,150,102,152,97,154,97,159,32,75,29,79,27,83,25,87,23,91,24,95,27,98,31,98,35,96,38,92,41,88,43,84,47,81,49,78,49,73,76,171,70,169,64,166,59,163,53,160,47,158,40,158,34,156,30,151,28,145,29,138,32,133,36,128,38,122,37,116,31,116,32,110,37,107,43,109,45,115,49,120,49,127,48,133,45,139,48,143,52,66,59,68,65,71,72,73,78,75,85,76,92,75,98,76,105,78,112,78,117,83,120,89,122,95,123,102,120,108,115,104,112,97,108,92,102,88,96,85,91,81,84,81,77,80,70,79,63,79,59,84,54,89,48,93,42,96,37,91,118,65,117,72,118,80,121,87,123,94,124,101,125,109,126,116,127,124,128,131,128,139,129,146,130,154,131,163,131,163,126,160,120,163,118,169,120,175,125,179,127,185,128,191,130,198,131,204,134,209,139,214,145,212,149,207,100,161,103,158,107,156,110,153,111,149,116,147,119,144,122,145,120,149,116,151,115,156,116,160,113,164,110,168,108,172,106,176,104,181,107,183,112,183,115,186,116,190,115,195,116,199,118,203,120,207,122,212,125,215,127,219,122,221,118,223
91,60,142,61,138,60,133,58,129,56,125,54,121,54,116,52,112,51,108,53,104,53,99,56,97,61,96,64,92,67,90,71,88,76,86,80,85,84,86,89,86,93,88,96,91,100,94,103,97,106,101,108,105,110,109,112,113,113,117,114,122,115,126,116,131,117,135,114,139,112,142,109,146,105,148,102,151,98,153,97,157,32,75,30,79,28,83,25,86,22,90,23,95,27,97,31,98,35,95,38,92,40,88,43,84,47,81,49,78,49,73,76,171,70,169,64,166,59,163,53,160,47,159,40,159,35,156,30,152,29,146,30,140,34,135,38,130,40,124,38,118,32,118,34,112,39,109,44,111,47,117,50,122,50,128,49,134,46,140,49,144,52,66,59,68,65,71,72,73,78,75,85,76,92,75,99,77,105,78,112,79,117,84,120,90,122,97,123,103,119,109,115,104,112,98,108,92,102,89,97,84,90,82,83,81,76,80,69,79,63,80,59,85,54,90,48,93,42,97,37,92,119,65,117,72,117,79,120,86,123,93,123,100,124,107,125,115,125,122,126,130,128,137,129,144,130,152,130,160,130,160,124,157,119,160,116,166,119,172,125,176,127,182,127,189,129,195,131,202,134,207,138,213,144,213,148,208,99,158,103,155,108,154,111,151,113,146,116,143,119,139,122,141,121,146,118,150,115,154,115,159,114,164,111,168,109,172,107,177,105,181,109,181,114,182,115,186,115,191,113,195,115,199,118,204,120,208,122,213,123,217,127,220,123,223,118,224
92,60,143,61,139,60,135,58,131,57,126,55,122,54,118,55,114,56,109,58,106,60,102,62,99,67,98,71,96,74,93,79,92,83,89,87,89,91,89,96,89,100,91,102,94,106,97,110,100,112,104,114,107,116,111,118,115,119,120,119,124,120,129,120,133,118,137,115,140,112,143,110,147,106,149,103,152,99,154,98,158,32,75,29,79,27,83,24,87,22,91,23,95,27,98,31,98,35,95,37,91,40,87,43,84,47,81,48,77,49,72,76,172,70,171,64,168,59,164,53,161,47,160,41,159,35,156,31,152,30,146,31,139,35,134,38,129,39,123,35,119,31,116,34,111,40,109,45,112,47,118,50,123,51,129,50,135,45,140,49,144,50,66,57,68,63,70,70,73,76,75,83,76,90,76,97,76,103,78,110,77,116,79,120,85,122,92,122,98,119,104,115,100,111,95,107,89,101,88,96,84,89,82,82,81,75,79,69,79,62,79,58,85,53,90,48,93,42,96,37,91,118,65,117,72,118,79,121,86,123,93,124,100,125,107,125,115,126,122,127,129,127,137,128,144,130,151,130,160,130,160,125,157,119,160,117,167,119,173,125,176,127,182,127,189,129,195,131,202,134,208,138,213,144,213,148,208,99,158,102,155,107,153,110,150,113,146,116,143,119,139,122,141,120,146,117,149,115,153,114,158,111,161,109,166,106,170,105,174,105,179,110,180,114,181,115,186,113,191,114,195,116,199,118,204,120,208,122,212,125,216,126,219,122,221,117,223
93,57,142,58,137,57,133,56,129,54,124,53,120,50,116,47,112,45,108,43,104,43,100,48,98,52,97,57,96,61,95,66,93,70,92,75,92,80,93,84,94,89,95,93,97,97,99,102,101,105,104,108,108,112,111,115,114,117,119,118,123,119,128,119,132,118,137,115,141,112,144,109,148,105,151,101,151,96,152,95,156,32,75,29,79,26,82,23,86,21,90,22,95,26,97,31,98,35,95,38,92,40,88,43,84,47,81,49,77,49,72,75,170,69,168,63,165,57,163,51,160,45,158,38,157,32,154,28,150,27,144,28,137,32,132,36,127,37,121,33,117,28,114,31,109,37,107,42,110,45,115,48,121,48,127,48,133,44,138,47,143,52,66,59,68,65,71,72,73,79,74,86,76,93,75,99,77,106,79,112,79,118,84,121,90,123,97,123,104,120,110,116,105,113,99,109,93,104,89,98,85,92,81,85,81,78,80,71,79,64,79,59,84,54,89,49,93,42,96,37,91,117,65,117,72,118,79,119,86,122,93,123,100,124,107,125,114,126,122,127,129,127,136,128,143,129,150,129,157,129,157,124,157,119,161,119,167,122,172,126,177,127,183,128,189,129,195,131,201,133,207,137,212,143,212,147,208,98,156,102,154,107,153,112,152,116,148,118,144,121,140,126,141,125,145,121,147,118,151,116,156,115,161,112,165,109,169,107,174,109,178,114,177,117,180,117,186,114,189,112,193,115,197,118,201,120,206,122,211,123,215,127,219,123,221,118,223
94,55,140,56,135,55,131,55,126,53,122,51,117,48,115,44,112,41,108,39,104,38,99,42,97,46,95,50,93,55,92,59,91,64,90,69,89,73,89,78,91,82,93,86,95,90,98,94,100,98,103,102,106,106,107,110,110,112,114,114,118,115,123,115,128,115,132,113,137,111,141,108,145,104,147,99,148,95,149,93,153,31,74,28,78,25,82,22,85,20,90,21,94,24,98,29,98,34,96,37,92,40,88,43,84,46,80,49,77,49,72,74,168,68,166,62,163,56,161,50,158,44,156,38,155,32,152,27,148,25,142,26,135,29,129,33,125,33,118,28,116,26,110,30,106,37,105,42,109,44,115,47,120,47,127,44,133,41,138,45,141,53,67,60,68,66,71,73,73,79,74,86,75,93,75,100,76,106,77,113,77,118,81,121,87,122,94,123,100,121,106,116,103,112,97,108,91,102,88,96,84,91,81,84,81,77,80,70,78,64,78,59,83,54,88,49,92,43,94,37,91,118,66,117,73,119,80,122,87,123,95,125,102,125,109,126,117,127,124,128,131,128,139,129,146,130,154,130,157,130,157,124,157,121,162,121,168,125,173,126,179,127,185,128,191,130,196,131,202,133,208,138,212,143,213,147,208,96,153,99,149,103,147,108,146,113,143,115,139,120,138,122,141,118,143,114,147,112,151,112,156,109,160,106,164,103,168,102,173,105,176,110,176,114,178,116,183,114,187,113,192,115,197,117,201,119,205,121,210,123,214,126,218,123,221,118,223
95,58,142,59,138,58,133,57,129,56,124,54,120,54,116,51,112,48,108,45,105,44,100,47,97,51,95,56,95,61,94,65,92,69,91,74,91,79,91,83,92,87,94,92,96,95,99,99,101,103,105,106,107,110,109,113,113,115,117,117,122,118,126,118,131,117,135,115,140,112,144,109,147,106,150,101,151,97,153,96,157,31,75,28,79,24,82,21,86,19,91,20,95,24,98,29,98,34,96,37,92,40,88,43,84,47,81,49,77,49,72,75,169,69,168,63,165,57,162,51,159,44,157,38,156,32,153,27,148,27,142,28,135,32,130,35,124,35,118,29,117,25,113,28,108,35,106,41,108,45,113,48,119,48,126,47,132,44,138,47,142,52,67,59,68,65,71,72,73,79,74,86,76,93,75,100,77,106,78,113,78,118,84,120,90,124,96,124,103,121,110,116,106,113,100,109,94,104,89,98,86,93,82,86,82,79,80,72,79,65,79,60,84,55,88,49,92,43,95,37,91,118,65,117,72,119,79,121,86,123,93,124,101,125,108,126,115,127,123,127,130,128,137,129,145,130,152,130,158,130,158,124,157,119,162,120,168,123,173,127,178,128,185,128,191,130,197,132,203,135,209,139,214,145,213,149,208,100,158,103,155,108,154,111,150,113,146,117,143,120,139,123,141,120,145,117,148,116,153,115,158,112,161,109,165,107,170,105,174,106,178,110,180,115,182,116,186,114,190,113,195,115,199,118,203,120,207,122,212,125,215,127,219,123,222,118,223
96,58,141,58,136,56,132,56,128,53,124,53,120,52,115,52,111,52,106,55,103,58,99,61,96,65,93,68,90,72,87,75,85,80,83,84,83,89,83,93,84,97,86,101,89,104,91,107,95,109,99,112,103,114,107,115,111,117,115,117,120,117,124,117,129,117,133,116,138,112,141,109,144,106,147,102,150,99,152,96,156,32,75,28,78,25,82,22,86,20,90,21,95,24,98,29,99,33,97,36,93,39,89,42,85,46,82,49,78,50,73,75,168,68,166,62,164,56,161,50,158,43,157,36,155,31,151,27,145,27,138,29,132,34,128,36,121,35,115,28,115,24,112,28,106,34,105,40,107,44,112,47,118,49,124,47,131,44,137,47,142,52,66,59,68,65,71,71,73,78,74,84,75,91,75,98,75,104,78,110,76,116,79,119,85,122,91,124,97,120,102,115,100,112,94,108,89,102,86,96,82,89,81,83,81,76,80,69,79,63,80,58,85,54,90,49,94,43,97,38,92,118,65,117,72,119,80,122,87,124,94,124,101,125,108,126,116,127,123,128,131,128,138,129,145,130,153,130,161,130,161,125,159,120,163,119,169,122,174,126,179,127,185,128,191,130,197,131,203,134,209,138,214,144,213,148,208,98,158,102,155,106,153,110,150,112,146,115,142,120,140,123,141,119,145,116,148,115,153,115,158,113,162,111,166,109,170,106,175,105,179,109,181,113,182,116,186,116,190,114,195,116,199,118,203,121,207,123,211,125,216,127,219,124,223,119,224
97,56,140,57,136,56,132,55,127,55,123,53,119,52,115,52,110,52,106,53,102,55,98,58,95,62,92,65,89,69,87,73,85,77,84,81,83,86,83,90,85,94,87,97,90,101,92,104,96,107,99,110,102,112,105,113,110,114,114,115,118,115,123,115,127,114,131,113,136,110,139,108,142,104,146,101,149,98,151,96,155,32,75,28,79,25,83,21,86,18,91,21,95,24,99,30,99,34,97,36,92,40,88,43,84,47,81,50,77,49,72,75,167,69,166,62,163,57,160,50,157,44,156,37,154,32,151,27,146,27,139,28,132,32,127,35,121,33,116,27,115,24,110,28,105,35,104,41,106,44,112,47,118,48,125,46,131,43,137,46,141,52,66,58,68,65,71,71,73,78,74,85,75,91,75,98,76,104,78,111,77,116,80,120,86,123,92,123,99,119,104,115,100,111,94,106,89,100,87,95,83,88,81,82,81,75,79,68,79,62,79,58,85,54,90,48,94,42,96,37,92,118,65,118,72,120,80,122,87,124,94,124,102,125,109,126,116,128,124,128,131,128,139,129,146,130,154,130,160,130,160,124,159,118,162,118,169,122,174,126,178,127,185,127,191,129,197,131,204,135,209,139,214,145,212,149,207,98,157,101,153,105,151,109,149,111,144,114,141,116,137,119,140,118,144,115,148,114,152,113,157,111,161,109,166,107,170,105,174,104,179,109,180,113,182,115,186,113,191,114,195,116,199,119,204,121,208,122,212,124,216,127,220,122,222,118,224
98,57,141,58,137,57,132,56,128,55,124,54,120,53,115,55,111,55,107,56,103,59,100,62,96,65,93,68,90,71,88,76,86,80,84,84,84,88,84,92,86,96,87,100,91,103,93,106,96,109,100,112,103,113,107,114,112,115,116,115,121,116,125,116,129,114,133,112,137,110,141,107,145,104,148,101,150,97,153,97,157,31,75,28,79,25,83,22,86,20,91,22,95,25,98,30,98,34,96,37,91,40,88,43,84,47,81,49,77,49,72,75,169,69,167,63,164,57,162,51,159,45,157,38,156,32,153,28,148,27,142,28,136,32,131,36,125,37,119,31,117,27,113,30,108,36,106,42,108,45,114,48,120,48,126,47,133,44,138,47,142,52,66,58,68,65,71,71,73,78,74,84,75,91,75,98,75,103,78,110,77,116,80,119,85,122,92,123,98,119,103,115,100,112,94,107,90,101,86,95,83,89,81,82,81,75,80,69,79,62,79,58,84,55,90,49,93,43,96,37,92,118,65,118,72,119,80,121,87,123,94,124,101,125,109,126,116,127,123,128,131,128,138,129,145,130,153,130,160,130,160,124,158,119,161,117,168,120,173,125,176,127,183,127,189,129,196,131,202,134,208,138,213,144,213,148,208,98,158,101,154,105,152,109,150,111,145,115,142,116,138,119,138,120,143,117,147,114,151,113,156,112,160,110,165,107,169,105,173,104,178,108,180,112,181,115,185,114,190,113,195,116,199,118,203,121,207,122,212,124,216,127,220,123,222,118,224
99,60,144,61,140,60,135,58,132,57,127,56,123,55,119,54,114,54,110,57,106,58,102,62,101,67,100,71,99,75,97,79,95,83,94,88,94,92,94,97,94,101,95,104,98,108,101,111,104,114,107,116,111,119,115,120,119,121,123,122,127,123,132,123,136,120,139,117,142,114,145,110,149,107,151,102,152,99,155,99,159,32,74,29,78,27,82,25,86,22,89,22,94,25,97,30,97,34,95,36,91,39,87,42,84,46,81,47,77,48,72,75,172,69,170,64,167,58,164,52,161,46,160,40,158,34,156,30,151,30,145,31,139,34,134,38,129,39,123,34,119,30,116,33,110,38,108,44,111,46,117,49,122,50,128,49,134,46,140,49,144,51,66,58,68,64,72,71,73,79,74,86,76,93,75,100,77,106,78,113,78,118,84,122,90,124,97,125,104,122,111,117,107,114,100,110,94,105,89,99,87,93,83,86,82,79,80,71,79,64,79,59,83,54,89,48,93,42,96,37,91,118,65,118,72,119,80,121,87,124,94,124,101,125,109,126,116,127,123,128,131,128,138,129,145,130,153,130,160,130,160,124,158,119,161,118,168,121,173,125,178,127,184,128,190,129,197,131,203,134,209,138,214,144,212,148,207,100,159,104,156,109,157,112,155,114,150,117,147,121,144,125,141,125,145,122,149,119,152,117,157,115,162,112,165,109,169,106,173,107,177,111,179,116,181,118,186,116,190,113,193,115,197,117,202,119,206,122,211,125,215,127,218,123,221,118,222
100,57,142,58,137,57,132,56,128,55,123,53,118,50,114,47,111,43,108,40,104,38,100,40,96,45,95,50,95,55,95,60,95,65,95,69,94,74,93,79,95,84,96,88,98,92,100,97,102,101,104,105,107,109,110,112,113,115,117,117,122,118,127,119,131,118,136,115,139,112,144,109,147,105,150,101,151,96,151,94,155,32,75,29,79,26,82,24,86,22,91,24,95,26,98,31,98,35,95,37,92,40,88,43,84,47,81,49,78,49,73,76,170,70,168,64,165,58,163,52,160,46,158,40,157,33,155,29,150,27,144,28,138,31,132,35,127,37,121,34,116,29,114,32,108,37,106,42,109,45,115,48,120,48,127,48,133,44,138,47,143,53,66,60,67,66,70,72,73,79,74,85,75,92,75,99,76,105,77,112,77,117,82,121,88,122,94,123,101,120,107,116,102,111,97,107,92,102,88,96,84,90,81,84,81,77,80,70,78,64,78,59,83,54,88,49,92,43,94,37,91,117,65,117,72,119,79,121,86,123,93,124,100,124,108,125,115,126,122,127,129,127,137,129,144,129,151,130,158,130,158,124,157,119,161,119,167,123,172,126,177,128,183,128,189,129,196,131,202,134,207,138,212,144,212,148,208,98,158,102,155,107,154,111,152,113,147,115,143,120,141,124,141,120,144,117,148,116,153,114,158,113,162,111,167,107,170,105,174,105,179,110,180,114,182,117,185,115,190,113,194,115,198,117,203,119,207,122,211,124,216,127,220,123,222,118,224
101,57,142,58,137,57,133,56,128,55,124,53,119,51,115,47,111,44,108,41,104,39,99,40,95,44,94,49,94,54,95,59,95,64,96,68,95,73,95,78,96,83,97,87,98,92,100,96,102,100,104,105,107,109,110,112,112,115,117,116,121,118,126,118,131,117,135,115,140,112,144,109,147,105,150,101,151,96,150,95,154,31,75,28,79,26,83,24,87,22,91,24,95,27,98,31,97,35,95,38,91,40,87,43,83,46,81,48,76,49,72,76,171,70,170,64,167,58,164,53,161,47,159,41,157,34,155,29,151,28,145,28,139,31,133,35,128,36,122,33,117,29,113,32,108,38,106,43,110,45,116,48,121,48,127,47,133,44,139,47,143,52,66,59,67,65,70,72,73,78,74,85,76,92,75,99,76,105,78,112,77,118,80,121,86,123,93,124,100,123,107,117,104,114,98,109,93,104,88,98,85,92,82,85,81,78,80,71,78,64,78,60,83,55,88,49,92,43,94,37,91,117,64,117,71,119,79,121,86,123,93,124,100,124,108,126,115,127,122,127,130,127,137,129,144,130,152,129,157,129,157,123,156,119,160,119,167,123,172,127,177,127,183,128,190,129,196,131,202,134,207,138,213,144,214,148,209,99,157,102,153,105,151,109,148,112,145,116,142,120,139,123,141,120,144,116,148,115,152,114,157,110,160,108,164,105,168,104,172,106,176,110,179,114,181,115,185,114,190,114,194,116,199,117,203,120,207,122,211,125,215,126,218,122,220,118,222
102,60,144,60,139,60,135,57,131,57,127,54,123,53,118,51,114,51,110,52,106,54,102,58,101,63,102,67,102,72,100,76,99,80,98,85,98,89,98,94,97,98,98,102,101,106,103,109,106,112,109,116,112,118,116,121,120,122,124,123,129,124,133,124,138,120,141,117,143,114,147,111,150,106,151,102,153,98,154,98,158,32,75,29,78,27,83,24,87,22,91,23,95,26,98,31,98,35,95,37,91,40,87,43,84,47,81,48,77,49,72,76,172,70,171,64,168,59,164,53,161,47,159,41,159,35,157,30,152,29,146,30,139,33,134,38,130,39,123,36,119,31,117,33,111,39,108,44,111,47,117,50,122,50,128,49,134,46,140,49,144,51,66,58,68,64,71,71,74,78,75,86,76,93,75,99,77,106,79,113,79,117,85,121,91,123,98,123,106,121,112,117,108,114,101,110,95,105,90,99,87,93,83,86,82,79,80,72,79,64,79,60,84,55,89,49,93,43,96,37,92,117,65,117,72,118,79,121,86,123,93,124,100,125,108,126,115,126,122,127,129,127,137,129,144,130,151,129,158,129,158,123,157,118,161,118,167,122,172,126,177,127,183,128,189,129,196,131,202,134,207,138,212,144,212,148,208,100,158,104,155,109,156,113,154,115,150,118,146,122,143,127,144,125,148,121,150,117,153,117,158,115,163,111,166,107,169,106,174,109,178,113,178,117,181,117,186,115,190,112,193,115,197,117,201,119,205,122,210,124,214,127,218,123,220,118,222
103,60,144,60,140,60,135,58,131,57,127,55,123,53,118,51,114,52,110,53,106,56,103,60,102,65,102,69,101,74,100,78,98,82,97,87,97,91,97,96,96,100,97,104,100,107,103,110,106,113,110,116,113,119,117,121,120,123,125,124,129,125,133,124,138,122,141,118,144,114,147,111,150,107,152,103,153,99,155,98,159,32,75,29,78,27,82,24,86,22,90,23,95,26,98,31,98,35,95,37,91,40,87,43,84,47,81,48,77,49,72,76,172,70,171,64,168,59,164,54,161,48,159,41,159,35,157,31,152,30,146,31,140,34,134,38,129,39,123,35,119,31,116,34,110,40,108,45,112,47,117,50,122,50,128,49,134,46,140,49,144,51,66,58,68,64,71,71,74,78,75,86,76,93,75,99,77,106,80,113,80,117,86,120,92,123,99,124,106,121,113,117,108,114,101,110,96,105,90,99,87,93,83,86,82,79,80,72,79,64,79,60,84,55,89,49,93,43,96,37,92,118,65,117,72,118,80,121,87,124,93,125,101,125,108,126,115,127,123,128,130,127,137,129,145,130,152,130,159,130,159,124,157,119,161,118,167,121,172,125,177,127,183,128,190,129,196,131,202,134,208,138,213,144,213,148,208,101,160,105,158,109,158,113,156,115,151,119,148,123,145,127,147,124,151,119,152,118,156,116,161,114,166,110,167,107,171,107,176,109,180,114,180,118,182,119,187,117,191,112,191,114,196,117,199,118,204,120,208,123,213,126,217,123,220,118,221
104,57,143,58,139,57,134,56,130,55,126,53,122,52,117,49,114,47,110,47,106,50,103,54,101,59,101,63,101,68,99,72,99,76,98,81,97,85,97,90,97,94,98,99,99,103,102,106,105,109,108,113,111,116,114,118,118,120,122,122,126,122,131,122,135,120,139,117,142,114,146,111,149,106,150,103,153,99,155,97,158,31,75,28,79,26,82,24,86,22,91,23,95,27,98,31,98,35,95,37,91,40,88,43,84,46,82,48,77,49,73,76,171,70,168,64,166,58,163,52,160,46,158,39,157,33,154,29,150,28,143,28,137,32,131,36,126,36,119,31,116,28,113,31,108,37,106,43,109,45,114,47,120,48,125,48,132,45,138,47,143,51,67,58,68,65,71,71,74,79,75,86,76,93,75,99,79,106,81,112,83,117,89,120,95,123,102,124,109,120,114,115,109,113,103,109,96,104,91,98,87,92,83,85,82,78,80,71,79,64,79,59,84,55,90,48,94,42,96,37,91,117,65,118,72,119,80,120,87,123,94,125,101,125,109,126,116,127,123,128,131,128,138,129,145,130,153,131,161,131,161,125,159,120,162,119,169,122,174,126,179,127,185,128,191,130,197,131,204,135,209,139,214,145,212,149,207,100,159,105,158,109,157,113,155,115,150,118,146,122,144,127,144,126,148,122,151,118,154,118,159,116,163,113,167,109,169,107,174,110,178,114,178,118,182,118,187,114,189,112,193,115,197,117,201,119,205,122,210,124,214,127,218,123,220,118,222
105,55,142,57,138,56,134,55,129,54,125,52,121,51,116,48,113,45,109,45,105,45,100,50,99,54,98,59,97,63,97,67,95,72,95,76,94,81,93,85,94,90,95,94,96,98,98,102,101,105,104,109,107,111,111,114,114,116,118,117,122,118,127,117,131,117,136,115,140,112,143,109,147,105,149,102,152,98,154,96,157,31,75,28,79,25,83,23,87,22,91,23,96,27,98,32,98,36,95,38,92,41,88,43,84,47,81,49,77,49,72,76,170,70,168,64,165,58,162,52,159,45,157,39,156,33,153,28,149,26,142,26,136,29,130,34,126,35,119,32,115,27,112,30,107,36,103,41,107,44,113,46,119,48,125,46,131,43,137,46,142,52,67,59,68,65,72,72,74,79,75,86,76,93,75,99,79,105,81,112,84,115,90,119,96,121,102,122,109,118,113,114,108,111,101,107,95,102,90,96,87,91,82,84,81,77,81,70,79,63,79,59,85,54,90,48,94,42,96,37,91,117,66,118,73,119,80,121,88,122,95,124,102,125,109,126,116,127,124,128,131,128,138,129,145,130,153,131,161,131,161,125,160,121,164,121,170,124,175,126,181,128,186,129,192,130,198,131,204,135,209,139,214,144,213,148,208,100,161,103,157,107,156,111,154,113,150,116,146,120,144,125,144,124,146,119,148,116,152,115,157,115,162,112,166,110,170,108,174,105,179,107,182,112,183,117,184,118,189,117,193,114,197,116,201,119,205,121,210,124,214,127,218,124,221,119,223
106,55,141,57,137,56,133,55,128,54,124,52,120,51,116,48,112,45,109,45,104,46,100,50,98,54,97,59,97,63,95,67,94,72,92,76,91,81,91,85,91,89,92,94,94,98,96,101,99,104,102,107,106,110,109,112,113,114,117,116,121,116,126,116,130,116,135,115,139,112,142,109,146,105,149,102,151,98,154,96,157,31,75,28,79,26,83,23,87,22,92,23,96,26,99,31,98,35,95,38,91,41,88,43,84,47,81,49,77,49,72,76,170,70,169,64,166,58,162,53,159,46,157,40,156,34,153,29,149,26,143,26,137,28,131,33,125,35,120,32,114,27,112,31,106,36,103,41,107,44,113,46,119,48,125,46,131,43,137,46,142,52,67,59,69,65,71,72,73,78,75,85,75,92,75,98,78,105,81,111,84,114,90,117,96,120,102,121,109,118,112,114,107,110,101,106,95,101,90,96,86,90,82,84,81,77,81,70,80,63,80,58,85,53,90,48,94,41,96,37,91,117,66,119,73,120,80,121,88,122,95,124,102,126,109,126,116,127,124,128,131,128,138,129,145,130,153,131,161,131,161,125,161,121,166,122,172,125,177,127,182,128,188,130,194,130,200,132,206,136,211,140,214,145,212,149,207,100,161,103,157,107,156,111,153,113,149,116,145,121,144,125,146,123,148,118,148,114,152,113,156,113,161,112,166,109,169,107,174,105,178,104,183,108,184,113,185,116,188,118,192,117,197,115,201,117,206,121,209,123,213,126,218,124,222,119,223
107,56,141,57,137,56,132,55,128,54,124,53,119,50,115,48,112,45,108,46,104,47,100,52,99,56,97,60,96,65,95,69,93,73,92,78,90,82,90,87,91,91,91,95,93,99,96,102,99,105,102,108,106,110,110,113,114,115,118,116,122,116,127,117,131,117,136,115,140,112,143,109,146,105,149,102,152,98,154,96,158,31,75,28,79,26,83,24,87,22,91,23,96,26,99,31,99,34,96,38,92,40,89,43,84,46,82,49,78,49,73,76,170,70,168,64,165,58,162,52,159,45,157,39,156,33,153,28,149,26,142,27,136,30,130,34,125,36,119,33,114,27,113,30,107,36,104,41,107,44,112,46,118,48,124,46,131,43,137,46,142,52,67,59,69,65,71,72,73,79,75,86,75,93,75,98,78,105,81,111,84,114,90,117,96,120,102,121,109,118,112,114,107,110,101,106,95,101,90,96,86,90,82,83,81,76,81,69,80,62,80,58,86,53,91,47,94,41,97,37,91,117,66,118,73,118,81,120,88,122,95,124,102,125,109,126,117,127,124,128,132,128,139,129,146,130,154,131,163,131,163,126,163,122,167,122,173,125,178,127,183,127,189,129,195,130,200,132,206,135,211,140,214,145,211,149,207,100,161,103,157,108,156,111,153,112,148,115,144,120,143,125,143,122,146,118,149,115,153,115,158,114,162,111,166,109,171,107,175,104,180,106,183,111,184,115,185,117,190,118,195,115,198,116,202,119,206,122,210,124,214,127,218,124,222,119,223
108,56,141,58,137,57,133,56,128,54,124,53,120,51,116,49,112,48,108,49,104,53,101,57,99,61,98,65,96,69,93,73,91,77,90,81,89,86,88,90,88,95,89,99,92,102,95,105,98,108,101,110,105,112,110,114,113,116,118,116,122,117,126,117,131,118,135,116,139,113,143,110,146,106,148,102,151,99,153,96,157,31,75,29,79,26,83,24,87,22,91,23,96,27,98,31,98,35,96,37,92,40,88,43,84,47,81,49,78,49,73,76,169,70,167,64,165,58,162,52,159,45,157,39,156,33,153,28,149,27,142,27,136,30,130,34,125,36,118,31,115,27,112,31,107,37,105,42,108,45,113,47,119,48,125,47,132,43,137,46,142,51,67,58,68,64,71,71,73,77,75,84,76,91,76,98,76,103,80,110,81,114,86,117,93,120,99,122,105,119,110,114,105,111,99,106,94,101,89,96,85,89,82,83,81,76,80,69,79,62,81,58,86,53,91,47,94,41,97,37,91,117,66,118,73,118,80,120,87,122,94,124,101,125,109,126,116,127,123,128,130,128,138,128,145,130,152,132,163,132,163,126,162,122,166,121,172,124,177,126,182,127,188,128,194,130,200,131,206,135,211,140,214,145,212,149,207,100,162,103,158,107,157,111,154,113,150,116,146,120,145,124,146,121,149,117,151,115,156,114,161,113,165,110,169,108,173,106,178,104,182,107,184,112,184,116,186,118,190,117,195,115,198,117,202,119,207,121,211,124,215,127,219,124,222,119,223
109,56,141,57,137,56,132,56,128,53,124,53,120,52,115,52,111,53,106,55,103,59,100,63,98,67,96,70,93,74,90,77,87,81,86,86,85,90,84,95,85,99,86,103,88,106,91,109,94,111,98,113,102,116,106,117,111,117,115,117,120,117,124,117,129,117,133,115,137,112,141,109,143,105,146,102,149,99,152,96,156,32,75,29,79,26,82,22,86,21,91,22,95,26,98,31,98,35,96,37,91,40,88,44,84,48,81,49,77,49,72,75,168,69,166,63,163,57,161,50,159,44,157,38,155,32,153,28,147,27,141,29,135,33,129,35,123,35,117,29,116,26,112,30,107,37,106,42,108,45,114,47,120,48,125,47,131,44,137,47,142,51,66,57,68,64,70,70,72,77,75,84,75,90,75,97,75,103,78,110,77,116,81,119,87,121,93,123,99,119,104,114,101,111,95,106,91,101,87,95,83,88,81,82,81,75,80,68,78,62,80,58,85,53,90,48,94,42,97,37,92,119,66,118,73,119,81,121,88,124,95,124,102,125,109,126,117,127,124,128,131,128,139,129,146,130,154,131,163,131,163,125,162,120,166,120,172,123,176,126,182,127,188,128,194,130,199,132,205,135,210,140,214,145,212,149,207,99,160,103,157,106,155,110,152,112,148,116,145,120,143,124,145,121,147,116,149,114,153,114,158,114,162,112,166,109,170,108,175,106,179,106,183,111,183,115,185,117,190,117,195,115,199,117,203,120,207,123,211,124,215,127,219,124,222,119,223
110,57,140,57,136,57,131,56,127,55,123,54,119,55,115,57,110,58,106,61,103,65,101,68,98,71,95,74,91,77,88,81,86,85,86,89,84,93,84,97,85,101,87,105,89,109,92,111,95,114,99,117,102,118,106,118,110,118,115,118,119,117,124,116,128,116,132,114,136,111,139,108,143,105,146,102,149,99,152,97,156,32,75,28,78,25,82,23,86,20,91,21,95,25,98,30,98,34,96,37,92,40,88,43,84,47,81,49,77,49,72,75,168,69,165,63,163,56,161,50,159,44,157,37,155,32,152,29,146,28,139,30,133,34,128,36,122,34,116,28,116,26,111,30,105,37,105,43,107,44,114,48,119,49,126,47,132,44,138,47,142,51,66,57,68,64,70,70,72,77,74,83,75,90,75,97,75,103,78,108,75,114,78,119,83,122,89,123,95,119,100,114,99,112,93,107,89,101,86,95,83,89,81,82,81,75,80,69,78,62,79,58,85,54,90,48,94,43,97,38,92,119,65,118,72,120,80,123,86,124,94,124,101,125,109,127,116,128,124,128,131,128,139,129,146,130,154,131,162,131,162,125,161,121,165,119,171,122,176,126,181,127,187,128,193,130,199,131,205,135,210,139,214,145,212,149,207,99,160,101,156,104,153,108,152,110,147,114,145,117,142,120,145,116,147,113,151,113,156,112,161,110,165,108,169,106,173,104,177,104,182,109,182,113,184,116,187,116,192,114,196,116,200,118,204,120,208,122,212,125,216,127,220,123,222,118,223
111,58,143,59,139,59,134,57,130,56,126,55,122,56,118,59,115,60,111,62,107,66,105,68,101,72,99,76,97,80,95,84,94,88,92,92,91,96,90,100,92,104,94,108,96,111,99,114,102,117,105,119,109,120,113,121,117,120,122,120,126,120,130,118,134,116,138,113,141,110,144,108,148,106,152,102,154,98,156,99,160,32,74,28,78,25,82,22,86,20,90,21,95,24,99,29,99,33,96,36,92,38,88,41,84,46,81,48,77,49,72,75,170,69,168,63,165,56,162,50,159,44,157,37,155,32,151,29,145,29,139,31,132,36,128,38,121,34,116,28,117,25,112,29,106,35,105,41,107,45,113,48,119,49,125,49,132,46,138,48,144,51,66,58,68,64,71,71,73,77,75,84,76,91,76,98,76,104,78,111,76,118,78,121,84,123,91,124,98,122,104,117,102,115,95,110,90,104,87,97,84,91,82,84,81,77,80,70,79,63,79,59,85,54,89,48,93,43,96,37,92,118,65,118,72,119,80,122,87,124,94,124,101,126,109,127,116,128,124,128,131,128,139,129,146,130,154,132,164,132,164,126,162,120,164,118,170,120,176,125,180,127,186,128,192,130,198,131,204,134,210,139,214,145,212,149,207,100,161,103,157,107,156,111,153,112,148,116,145,120,143,123,145,119,148,115,151,114,155,115,160,112,164,110,168,107,172,106,176,104,181,106,184,111,184,115,186,117,191,116,195,115,200,117,204,120,208,122,212,125,216,127,220,123,222,118,223
112,58,143,60,139,59,134,57,130,56,125,55,121,54,116,51,112,49,108,46,104,45,100,46,96,51,96,56,96,60,96,64,93,69,92,74,92,78,91,83,92,87,94,91,96,95,98,100,100,103,104,107,107,110,109,114,113,116,117,118,121,118,126,118,131,118,136,117,140,114,144,110,146,106,149,104,153,100,156,98,160,32,75,29,78,26,82,23,86,21,90,22,95,25,98,30,97,34,95,37,91,40,87,43,83,47,81,49,77,49,72,76,170,70,168,64,165,58,162,52,160,45,159,39,157,33,153,29,149,29,142,30,135,35,130,38,125,38,119,32,117,27,114,30,109,36,106,41,109,46,113,48,119,50,125,49,132,46,138,48,143,52,66,59,68,65,71,72,73,78,74,85,76,92,75,98,76,105,78,112,77,117,80,121,86,123,93,123,100,121,106,116,103,113,97,109,92,104,88,97,85,92,81,85,81,78,80,71,78,64,78,60,83,55,88,49,92,43,94,37,91,118,65,118,72,119,80,121,87,124,94,124,101,125,108,126,116,127,123,128,131,128,138,129,145,130,153,131,162,131,162,125,160,120,163,119,170,122,175,126,179,127,186,128,192,130,198,132,204,135,210,140,214,146,212,150,207,100,161,103,157,107,156,110,153,111,148,116,146,119,143,122,144,119,148,116,152,115,157,114,162,111,165,109,170,106,173,104,178,104,183,109,182,114,182,117,186,118,191,115,194,115,199,118,203,120,207,122,212,125,216,127,220,123,222,118,223
113,60,143,61,139,59,134,57,130,57,126,55,121,53,117,52,113,50,108,48,104,47,100,49,96,53,95,58,94,62,92,66,90,70,88,74,87,79,87,83,89,88,90,92,92,95,96,98,99,102,102,105,105,108,108,110,112,113,116,114,120,115,125,116,129,117,134,115,138,112,142,109,145,106,149,102,151,98,153,97,157,32,75,29,78,27,82,24,86,22,90,22,94,26,97,31,97,34,94,37,90,40,87,43,83,46,81,48,77,49,72,76,170,70,169,64,166,59,163,53,161,47,160,41,159,35,157,31,152,29,146,31,140,34,135,37,129,38,123,34,119,31,115,34,110,39,108,44,112,47,117,50,122,50,128,49,134,46,140,49,144,52,66,59,68,65,71,71,73,78,74,85,75,92,75,98,76,105,78,112,79,117,83,120,89,122,95,123,102,120,108,115,103,112,97,108,92,103,88,97,84,91,81,84,81,77,80,70,79,64,79,59,84,54,89,49,93,43,95,37,91,118,65,118,72,117,79,120,86,122,93,123,100,124,108,126,115,126,122,126,129,127,136,129,144,129,151,129,158,129,158,123,157,118,162,118,168,122,173,126,177,127,183,128,190,129,196,131,202,134,208,138,213,144,214,148,209,98,158,101,155,106,153,110,151,111,146,115,144,118,140,122,140,121,145,118,148,115,152,115,156,113,161,111,165,108,169,107,174,106,178,109,180,114,182,115,186,114,191,114,195,116,199,118,203,120,208,122,212,125,216,127,220,123,222,118,224
114,61,142,61,137,59,134,57,129,56,125,54,121,55,117,55,112,55,108,58,105,59,101,62,97,66,95,69,92,72,89,76,88,80,86,85,85,89,85,94,86,98,88,100,91,104,94,107,97,110,101,112,105,113,109,114,114,116,118,116,122,117,127,118,131,118,135,115,138,112,142,109,146,106,149,102,151,98,153,97,157,32,75,29,79,27,83,24,86,22,91,23,95,26,97,31,97,35,95,37,91,40,87,43,83,47,81,48,77,49,72,76,171,70,170,64,167,59,164,53,161,47,160,41,159,35,156,30,152,30,145,31,139,36,134,38,129,39,122,34,119,31,115,35,110,41,109,46,113,47,119,50,124,51,130,49,136,45,140,50,144,52,66,58,68,65,71,71,72,78,74,85,75,92,75,98,76,104,78,111,77,117,81,119,87,122,93,123,100,120,105,116,101,112,96,108,91,102,87,96,84,90,82,83,81,76,80,69,79,63,79,59,84,55,89,49,93,43,96,37,92,118,65,117,72,117,79,120,86,122,93,123,100,124,107,125,115,126,122,127,129,127,137,128,144,130,151,129,158,129,158,123,157,119,162,118,168,122,172,126,177,127,184,127,190,129,196,131,203,135,208,139,213,145,213,148,208,98,158,101,155,105,152,110,150,112,146,115,142,118,138,121,140,120,144,117,147,115,152,114,157,112,161,110,165,108,170,106,174,105,179,109,180,114,182,115,186,114,191,114,195,116,200,118,203,121,207,122,212,124,216,127,220,123,222,118,224
115,60,144,60,139,59,135,57,131,56,126,54,122,53,118,51,114,50,110,51,105,54,102,59,101,63,101,67,99,71,97,76,96,80,94,85,94,90,94,94,94,98,96,102,98,106,101,109,105,112,107,115,111,117,115,120,119,121,123,122,128,123,132,123,137,120,140,117,143,114,147,110,150,106,151,102,153,97,154,97,158,32,74,30,78,27,82,24,86,22,90,23,94,27,97,31,98,35,95,37,91,40,87,43,84,47,81,48,77,49,72,76,172,70,170,64,167,58,165,52,162,46,160,40,158,34,156,29,152,29,146,31,139,35,134,38,129,38,122,34,118,30,117,32,112,38,109,43,112,46,117,50,122,50,129,49,135,46,140,49,145,51,66,58,68,65,71,72,73,79,74,86,76,94,75,100,77,107,78,114,78,119,84,121,90,124,97,125,105,122,111,117,106,115,100,110,94,105,89,98,87,93,82,85,82,78,80,71,79,63,79,59,84,55,90,48,93,42,96,37,91,118,64,117,71,118,79,120,86,123,93,124,100,125,107,125,115,126,122,127,129,127,137,128,144,130,151,130,159,130,159,124,157,119,161,118,167,121,172,126,176,127,183,127,189,129,196,131,202,134,208,138,213,144,213,148,208,100,158,105,156,109,157,113,155,115,150,118,146,122,143,127,144,125,148,120,151,118,155,117,160,115,164,110,167,107,171,106,175,109,180,114,180,117,182,118,187,115,190,112,192,115,197,116,201,118,206,121,210,123,214,126,218,122,221,117,222
116,55,140,57,136,55,132,55,127,54,122,52,118,49,115,45,111,42,108,40,104,39,99,44,97,48,95,52,93,57,92,61,91,66,90,70,90,75,90,80,92,84,93,88,96,92,98,96,100,100,103,104,106,108,108,111,111,113,116,115,120,116,124,116,129,115,134,113,138,111,142,108,146,104,149,100,149,95,150,94,154,31,75,28,79,25,83,22,86,21,91,23,95,26,98,31,98,35,96,37,92,40,88,43,84,46,81,49,77,49,72,75,168,69,166,63,164,57,161,51,159,45,156,39,155,33,154,29,149,26,143,26,137,28,131,32,126,34,120,30,116,27,112,30,106,36,105,41,108,44,113,47,119,47,126,45,132,42,137,45,141,53,67,60,68,66,71,72,73,79,75,86,76,93,75,99,76,106,77,112,77,117,81,122,86,123,93,123,100,120,106,115,102,111,96,108,91,102,87,97,84,91,81,84,81,77,80,70,78,64,78,59,83,54,88,49,92,43,94,37,91,118,65,118,72,119,80,121,87,124,94,124,101,125,108,126,116,127,123,128,131,128,138,129,145,130,153,130,157,130,157,124,156,120,161,120,167,124,172,126,178,126,184,128,190,130,196,132,203,135,208,138,213,144,213,148,208,96,153,100,150,105,148,109,146,113,143,116,139,120,138,124,141,121,143,117,145,114,149,113,154,112,159,109,163,107,167,105,172,107,176,112,175,115,178,116,183,114,187,112,191,115,196,117,200,120,204,122,209,123,214,126,218,123,221,118,223
117,55,140,57,136,56,131,55,127,54,122,52,118,49,114,46,111,42,108,40,104,38,99,40,96,45,95,49,93,54,92,59,92,63,90,68,90,73,90,77,91,82,93,86,95,90,98,94,100,98,102,102,105,106,107,110,110,113,114,115,118,116,123,116,128,115,132,114,137,112,141,109,145,105,148,101,149,96,150,94,153,31,75,28,79,24,82,21,86,20,90,21,95,25,98,30,98,34,96,37,92,40,88,43,84,46,81,49,77,49,72,75,168,69,166,63,164,57,161,51,159,45,156,38,155,32,152,27,148,25,142,25,136,29,130,33,125,34,119,28,116,25,111,29,107,35,105,41,107,44,113,47,119,47,125,45,131,42,137,45,141,53,67,60,68,66,71,73,73,79,74,86,75,93,75,100,76,106,77,113,76,119,80,122,86,124,93,124,99,121,105,116,102,112,96,108,90,103,87,97,84,91,81,84,81,77,80,71,78,64,78,59,83,54,88,49,92,43,94,37,91,117,65,117,72,119,80,122,86,124,94,124,101,125,108,126,116,127,123,128,131,128,138,129,145,130,153,130,158,130,158,124,157,119,161,119,167,122,172,126,177,126,183,127,189,129,195,131,201,134,207,137,212,143,213,147,208,98,157,100,153,103,150,108,149,111,145,114,142,118,140,120,143,116,145,113,148,112,153,111,158,108,161,105,165,103,169,102,174,105,177,110,178,114,180,116,184,114,188,113,193,115,197,117,201,119,206,121,210,124,213,126,217,122,220,118,222
118,59,142,59,138,58,133,57,129,55,125,54,120,54,116,54,112,55,107,56,103,58,99,62,97,66,95,69,92,73,90,77,88,82,87,86,87,90,88,95,89,99,90,102,93,105,96,108,100,110,103,113,107,116,110,118,114,119,119,119,123,120,127,120,132,118,136,115,139,113,143,110,146,106,149,103,151,98,153,97,156,32,75,29,79,26,83,22,86,20,90,21,95,25,98,29,99,33,96,36,92,39,88,42,84,46,82,49,78,50,73,75,168,68,167,62,164,56,161,49,158,43,156,36,155,31,151,28,145,28,138,31,132,35,126,38,120,36,115,29,116,25,113,28,107,34,105,40,107,44,112,47,118,49,124,48,131,45,137,47,143,52,66,59,68,65,71,71,73,78,74,85,75,92,75,98,76,104,78,111,77,116,81,120,87,122,94,124,100,120,105,115,101,112,95,108,90,101,87,96,84,90,81,83,81,76,79,69,79,63,80,58,85,54,90,48,94,42,97,38,92,119,65,117,72,118,79,121,86,123,93,124,101,125,108,125,116,127,123,127,131,127,138,129,145,130,153,130,159,130,159,124,157,120,161,119,167,122,173,126,177,127,184,128,190,129,196,131,202,134,208,138,212,144,212,149,208,98,157,102,154,107,153,111,151,113,147,116,143,120,141,124,142,121,146,117,149,116,153,114,157,113,162,111,166,108,170,106,175,109,178,113,179,117,182,116,187,113,190,113,194,116,198,118,202,120,207,122,211,124,215,127,219,123,221,118,223
119,60,141,60,136,58,132,57,127,55,123,53,119,52,114,50,110,50,105,52,102,53,97,56,94,60,92,64,89,67,86,71,83,75,81,80,81,84,81,89,83,93,85,97,87,100,91,104,94,106,98,109,101,112,105,113,110,115,114,116,118,116,123,118,127,118,132,116,136,114,140,111,143,106,145,103,148,99,150,96,154,32,75,29,79,26,83,23,86,21,90,21,94,25,97,30,97,34,94,37,91,40,87,42,83,46,81,48,77,49,72,76,170,70,168,64,166,58,163,52,161,46,159,39,157,33,155,29,150,29,144,32,138,34,132,36,126,37,119,30,118,29,113,33,108,39,108,45,111,46,117,50,123,51,129,48,135,44,141,49,144,53,66,59,68,66,70,72,73,79,74,85,75,92,75,98,76,104,78,111,76,116,79,120,85,122,91,124,97,120,102,115,100,112,94,107,89,102,86,96,82,89,81,83,81,76,79,70,79,63,79,59,83,54,88,49,93,43,96,38,92,117,64,117,71,120,78,122,85,124,93,124,100,125,108,126,115,127,122,128,130,128,137,129,144,130,152,130,158,130,158,124,157,118,160,118,167,121,172,126,176,127,183,128,189,129,196,131,202,134,208,138,212,145,212,149,207,99,157,102,153,106,151,109,148,111,144,115,142,118,138,121,139,119,143,116,146,115,151,114,155,111,159,109,163,107,167,105,172,106,176,110,179,114,181,114,185,114,190,115,195,116,199,118,203,121,207,122,212,125,215,126,219,123,222,118,223
120,61,142,61,137,59,133,57,129,56,124,54,120,53,116,52,112,50,108,51,103,53,99,57,96,61,94,64,91,68,88,72,87,77,86,81,85,86,86,90,88,94,89,98,92,101,95,104,98,107,102,110,106,112,110,115,114,116,118,117,123,118,127,119,132,120,136,117,140,114,143,111,147,107,149,102,150,98,151,96,155,32,75,30,79,28,83,24,86,22,90,23,94,26,97,31,96,35,94,37,90,41,87,43,84,47,81,48,76,49,72,76,170,70,169,64,166,59,164,53,161,47,160,41,159,35,156,30,153,29,147,30,141,34,136,37,131,39,125,38,119,32,118,34,112,39,109,45,112,47,117,49,123,50,129,49,134,46,140,49,144,52,66,58,68,65,71,71,73,78,74,85,75,91,75,98,76,105,77,111,77,116,82,120,88,122,94,123,101,120,106,115,102,112,97,107,92,102,88,97,84,90,82,84,81,77,79,70,79,64,79,59,84,54,89,49,93,43,96,37,92,118,65,117,72,118,80,121,86,124,93,124,101,124,108,125,115,126,123,127,130,127,137,129,145,129,152,129,157,129,157,123,156,118,160,118,167,122,171,126,176,126,183,128,189,129,195,131,202,134,207,138,213,144,214,148,209,98,157,102,155,107,152,111,150,113,145,117,142,120,138,124,138,122,143,119,147,117,151,116,156,114,161,112,166,109,169,106,174,107,178,112,179,116,182,115,186,113,191,114,195,117,199,119,204,122,208,123,213,125,217,127,220,123,222,118,224
121,61,143,61,138,60,134,58,130,56,126,54,122,55,117,56,113,57,109,59,106,60,101,63,99,67,96,70,93,74,90,78,88,82,86,86,86,91,86,95,87,100,88,103,92,106,95,110,98,111,102,114,105,116,110,117,114,118,118,118,123,119,127,120,132,118,136,116,140,112,143,109,146,106,149,102,151,98,154,98,158,32,74,30,78,27,82,24,86,22,90,23,94,26,97,31,97,35,94,37,91,40,87,43,83,47,81,48,77,49,72,76,172,70,170,65,167,59,164,53,162,47,160,41,159,35,157,31,152,30,146,32,140,35,135,38,130,40,124,36,120,32,117,35,111,40,109,46,113,47,118,50,123,51,129,50,135,46,140,50,145,52,66,58,68,65,71,71,73,78,74,84,75,91,75,98,76,104,78,110,76,116,79,119,85,122,91,123,97,119,102,115,99,110,93,106,89,99,86,94,82,88,81,81,80,74,79,68,78,62,79,59,85,53,89,48,93,42,96,37,91,117,64,117,71,119,79,121,86,123,93,124,100,125,108,126,115,127,122,128,130,128,137,129,144,130,152,130,159,130,159,124,156,118,159,116,166,119,171,125,175,127,181,127,188,129,195,131,201,134,207,137,213,143,213,148,208,99,158,103,155,107,153,111,151,113,146,116,143,120,140,123,141,121,145,118,149,116,153,115,158,113,162,110,166,107,170,105,174,105,178,109,179,114,181,116,185,115,190,113,194,116,198,117,203,120,207,122,211,124,215,127,219,123,221,118,223
122,59,143,60,139,58,134,57,130,55,126,54,121,51,117,48,114,47,110,48,105,51,102,56,101,60,101,65,100,69,98,74,97,78,96,83,95,87,95,92,96,96,95,100,97,104,100,107,103,111,107,114,110,117,114,119,118,121,122,122,127,123,131,124,136,122,139,118,142,115,146,112,149,107,150,103,152,98,153,97,156,32,74,30,78,27,82,25,86,23,90,24,95,27,97,31,97,35,95,37,91,40,87,43,84,47,81,48,77,49,72,76,172,70,170,64,167,59,164,53,161,47,160,41,159,35,156,30,152,30,146,30,139,34,134,37,129,38,122,34,118,31,115,34,110,40,108,45,112,46,117,49,122,50,128,49,134,46,140,49,144,51,66,58,68,65,71,72,73,79,74,86,76,93,75,100,77,107,78,114,78,119,83,122,90,124,97,125,105,123,112,118,107,116,100,111,94,106,89,99,87,94,82,86,82,79,80,72,79,64,79,59,84,55,89,48,93,42,96,37,91,118,65,117,72,118,79,121,86,123,93,124,100,125,107,125,115,126,122,127,129,127,137,129,144,130,151,129,158,129,158,123,156,118,160,118,167,122,172,126,177,126,183,128,190,130,196,131,202,135,208,139,213,144,213,148,208,99,157,104,155,109,155,113,154,116,150,118,145,122,142,126,143,124,148,120,151,118,155,116,159,114,164,110,167,107,171,108,175,111,178,115,180,117,184,117,189,112,190,112,194,116,198,117,203,120,207,122,211,124,215,126,219,122,221,117,222
123,57,142,57,137,57,132,55,127,54,123,53,118,50,114,46,110,44,106,41,102,38,98,41,95,46,95,51,94,56,95,61,95,66,95,70,94,75,94,80,96,85,97,89,99,94,100,99,102,103,104,107,107,111,110,114,113,117,118,117,123,119,127,119,132,117,136,114,140,112,145,108,148,104,150,99,149,94,149,94,154,32,75,29,78,27,82,24,86,23,90,23,95,27,98,31,98,35,95,38,92,40,88,43,84,47,81,49,78,49,73,76,169,70,168,64,165,58,162,52,159,46,158,40,157,34,154,29,149,27,143,27,137,30,131,35,126,36,120,34,115,29,113,32,107,38,105,42,109,45,114,48,120,48,126,46,132,43,137,46,142,53,66,60,67,66,71,72,73,79,74,86,76,92,75,99,76,106,77,112,76,118,81,121,87,122,93,123,100,121,107,116,104,113,98,109,92,103,88,97,85,91,81,85,81,78,80,71,78,64,79,60,83,54,87,49,92,43,94,37,91,117,65,117,72,119,80,121,86,124,93,124,101,125,108,126,115,127,123,128,130,128,137,129,145,130,152,130,157,130,157,124,155,118,159,118,165,122,171,126,175,127,182,127,189,129,195,131,201,134,207,138,213,144,213,148,208,99,157,102,153,106,153,110,151,112,147,115,143,119,141,123,142,120,146,117,149,115,153,113,158,111,162,107,165,105,169,103,174,107,177,111,178,116,180,117,184,113,188,112,192,115,196,116,201,118,206,121,210,124,214,126,217,122,220,117,222
124,58,143,59,138,58,134,56,130,55,125,54,120,52,116,49,112,46,109,44,104,44,100,46,96,51,96,56,96,60,97,65,98,70,98,74,96,79,97,84,98,88,98,93,99,98,100,101,103,106,105,110,108,113,111,116,114,118,119,119,123,121,128,121,132,120,137,117,141,114,144,111,148,107,150,102,151,97,151,96,155,31,75,29,79,27,83,25,87,23,91,24,95,28,98,32,97,35,94,38,91,41,87,43,84,46,80,48,76,49,72,76,171,70,170,64,167,59,163,53,160,47,159,41,158,35,156,30,152,28,146,29,140,31,134,36,129,37,123,36,117,31,116,33,110,39,107,44,110,46,116,49,121,49,127,48,133,45,139,48,143,52,66,59,68,65,71,72,73,79,74,86,76,93,75,100,77,107,78,113,78,119,83,122,90,124,96,125,104,123,110,118,107,115,100,110,94,106,89,99,87,93,82,86,82,79,81,72,79,65,79,59,83,55,88,49,92,43,95,37,91,117,64,117,71,119,78,121,85,123,92,124,99,124,106,125,113,126,121,127,128,127,135,128,142,129,149,129,156,129,156,123,155,118,160,118,166,123,171,126,176,127,183,127,189,129,195,130,202,134,207,138,212,144,214,148,209,99,156,103,153,107,152,111,150,114,146,117,143,121,140,124,141,121,145,117,148,116,152,115,157,112,161,109,164,106,168,105,173,108,176,112,178,116,181,115,185,113,190,114,194,116,199,118,203,120,207,122,211,124,215,127,219,122,221,118,223
125,60,144,60,139,60,135,57,131,57,127,54,123,53,118,51,115,51,111,53,107,55,103,59,102,64,102,68,102,73,101,77,99,81,99,86,98,90,98,95,97,99,98,103,100,106,103,110,106,113,109,116,113,119,116,122,120,123,124,124,128,125,133,124,137,121,140,118,143,115,147,111,150,107,151,102,152,98,155,98,158,32,75,30,79,27,83,25,87,23,91,24,95,27,98,32,98,35,95,38,91,40,87,43,84,47,81,48,77,49,72,76,172,70,170,65,167,59,164,53,161,47,160,41,159,35,157,31,152,30,146,32,140,35,134,38,129,40,123,36,119,32,117,34,111,40,109,45,111,47,117,50,122,51,128,50,134,47,140,50,144,51,66,58,68,65,71,71,73,79,75,86,76,93,75,99,78,106,78,113,79,118,84,121,91,123,98,124,105,122,112,117,108,114,101,110,96,106,90,99,87,93,83,86,82,79,80,72,79,65,79,60,83,56,89,49,92,43,96,38,92,118,65,117,72,118,80,121,86,123,93,124,101,125,108,125,115,126,123,127,130,127,137,129,145,130,152,129,158,129,158,123,156,118,161,118,167,122,172,126,177,127,183,127,190,130,196,131,202,134,208,138,213,144,213,148,208,100,158,104,156,109,156,114,155,116,150,119,146,124,144,128,145,126,149,122,151,118,155,117,160,115,164,111,167,107,169,105,174,108,178,113,178,117,180,118,185,116,189,112,191,115,195,116,200,118,204,121,209,123,213,126,217,122,220,117,221
126,58,144,59,139,58,135,57,131,55,126,53,122,52,118,49,114,46,110,45,106,46,102,51,100,55,100,60,101,65,101,69,99,74,99,78,99,83,98,88,99,92,99,97,100,101,102,105,105,109,108,112,110,116,114,119,117,121,122,122,126,123,131,123,135,121,140,118,143,114,146,111,149,106,151,102,153,98,154,97,158,32,75,29,79,27,82,25,86,23,91,23,95,27,98,31,98,35,95,38,92,40,88,43,84,46,82,48,77,49,73,76,171,70,169,64,166,58,164,52,161,46,159,39,158,33,155,29,150,29,144,29,138,32,132,37,128,38,121,35,117,30,115,32,109,38,107,43,110,46,116,48,121,49,128,49,134,45,139,48,144,52,67,59,68,66,71,72,74,79,75,86,76,93,75,100,78,106,80,113,82,118,87,120,94,123,101,124,108,120,112,115,107,113,100,109,94,104,90,98,86,92,82,84,82,77,80,70,79,63,79,59,85,54,90,48,93,42,96,37,91,117,65,117,72,120,79,122,87,123,94,124,101,125,109,126,116,127,123,128,131,127,138,129,145,130,153,130,158,130,158,124,157,119,161,118,167,122,172,126,177,127,183,127,190,129,196,131,202,134,208,138,213,144,213,148,208,100,158,105,157,110,157,113,154,116,150,119,147,123,144,127,144,125,149,121,152,118,155,117,160,115,164,110,166,107,170,107,174,110,177,115,179,118,183,117,187,113,190,112,194,116,198,117,202,120,207,122,211,125,215,126,218,122,220,117,222
127,55,141,57,137,56,132,55,127,53,122,52,118,49,114,46,110,43,107,40,103,38,98,41,96,46,95,51,95,56,95,61,95,66,94,70,93,75,94,80,94,85,95,89,98,93,100,98,102,103,103,106,106,110,109,114,113,116,117,118,121,120,126,120,131,118,135,116,140,113,144,109,147,106,150,101,152,96,152,94,156,31,75,28,79,26,83,24,87,23,91,23,96,27,99,31,99,35,96,37,92,40,88,43,85,46,81,49,78,49,73,76,168,70,166,64,163,58,161,52,158,45,157,39,155,33,152,29,147,26,141,26,135,29,129,33,124,34,118,31,113,27,110,31,104,37,103,41,107,43,113,47,118,47,125,45,131,42,137,45,141,52,67,59,69,65,71,71,73,78,75,84,76,91,76,97,77,104,80,110,81,115,86,118,92,121,98,121,105,118,110,114,105,110,100,106,95,101,90,95,86,90,81,84,81,77,80,71,79,64,79,59,84,54,88,49,92,43,95,37,91,117,65,118,72,119,79,121,87,122,94,124,101,125,108,126,115,127,123,128,130,128,137,129,144,130,152,130,160,130,160,124,158,119,161,117,167,121,172,125,176,127,182,127,189,129,195,131,201,133,207,137,212,143,212,148,208,99,159,103,156,107,155,111,154,114,149,117,146,121,144,126,144,124,147,120,150,116,153,116,158,114,163,111,166,108,170,106,174,109,178,113,178,116,181,117,186,114,190,112,193,115,197,118,201,120,206,123,209,125,214,127,218,122,220,118,222
128,55,141,56,136,56,131,55,127,53,122,52,118,50,114,46,110,43,106,41,102,39,98,42,95,47,94,52,93,57,93,61,91,65,89,70,89,75,89,80,89,84,91,88,93,92,95,97,97,101,100,104,104,107,106,111,110,113,114,115,118,116,123,116,128,115,133,115,137,113,141,109,145,106,148,102,151,97,152,94,156,32,75,28,78,26,82,24,87,22,91,22,95,26,99,31,99,34,97,36,93,40,89,42,85,46,81,49,78,49,73,75,167,69,165,63,163,57,160,51,158,45,156,38,155,32,153,29,147,26,142,25,135,28,129,32,124,33,118,31,113,27,110,29,104,36,103,41,106,44,112,46,118,47,124,45,130,42,136,45,140,52,67,59,69,65,71,71,73,78,75,85,76,91,76,98,78,104,80,110,83,114,88,116,95,119,101,120,108,117,112,113,107,109,101,104,96,100,90,95,86,90,82,83,81,76,80,69,79,63,79,58,84,54,89,48,93,42,96,37,91,117,65,118,72,119,79,120,86,121,94,123,101,125,108,126,115,127,122,127,129,128,136,128,144,129,151,131,161,131,161,125,160,121,164,120,170,124,175,126,180,127,186,128,193,130,199,132,205,135,210,139,214,145,212,149,207,99,160,102,156,106,155,110,152,112,148,115,144,120,142,124,143,122,146,117,148,115,152,114,157,114,162,111,166,109,170,107,174,105,178,108,181,112,182,116,185,117,190,115,194,114,199,118,202,119,206,122,210,125,214,127,218,124,221,119,223
129,55,141,57,137,56,132,55,128,54,123,52,119,49,115,47,111,45,107,43,103,43,99,48,96,52,95,56,93,60,90,64,88,69,87,74,86,78,86,83,87,87,90,91,92,95,94,99,97,102,100,105,104,108,107,111,111,113,115,115,120,116,124,116,129,115,134,115,138,113,142,109,145,105,148,102,151,98,153,95,157,32,75,29,78,27,83,24,87,23,91,23,95,26,99,31,99,34,96,37,92,40,88,43,84,46,81,49,78,49,73,76,168,70,167,64,164,58,161,52,158,46,157,40,156,33,154,29,149,27,143,26,137,28,131,32,126,34,120,33,114,28,112,31,106,36,104,41,107,43,113,47,119,47,125,45,131,42,137,45,141,52,67,59,69,65,71,72,73,78,76,85,76,91,76,98,78,104,80,110,84,114,89,115,96,119,102,120,108,116,112,112,107,108,101,104,96,100,90,95,86,89,82,82,82,76,80,69,79,62,80,58,85,53,90,48,93,42,97,37,92,118,66,118,73,119,81,120,88,122,95,123,102,125,109,126,116,127,124,128,131,128,138,129,145,130,153,131,161,131,161,125,160,121,165,121,171,124,176,127,181,128,187,129,193,130,199,132,205,135,210,140,214,145,212,149,207,99,160,102,157,106,155,110,153,112,148,115,144,120,143,124,143,124,147,119,147,115,151,114,155,114,160,113,165,111,170,108,174,105,177,105,182,110,182,114,185,116,189,117,194,114,198,116,202,119,206,122,210,124,214,127,218,123,221,119,223
130,56,141,57,137,56,132,55,128,54,123,52,120,50,115,48,111,46,108,46,103,49,100,53,97,57,96,61,93,64,91,69,89,73,88,77,87,82,87,87,88,91,89,95,91,98,95,101,98,104,101,107,105,110,108,112,112,114,117,115,121,116,126,116,130,116,135,115,139,112,143,109,146,105,148,102,151,98,153,96,157,31,75,29,79,27,83,24,87,22,91,23,95,27,98,31,98,35,95,38,92,40,88,43,84,47,81,49,78,49,73,76,169,70,167,64,165,58,162,52,159,46,157,39,156,33,154,29,149,27,143,27,136,30,130,34,125,36,119,31,115,28,111,32,106,38,105,43,108,45,114,47,120,47,126,46,132,43,138,46,142,52,67,59,69,65,71,72,73,78,75,85,75,92,76,98,79,105,80,111,84,114,90,116,97,119,103,121,109,117,112,112,107,109,101,104,95,100,90,95,86,89,81,83,81,76,81,69,79,62,80,57,85,53,90,47,94,41,97,37,91,117,66,118,73,118,80,120,87,122,94,124,101,125,109,126,116,127,123,128,130,128,137,129,145,130,152,131,162,131,162,126,161,121,166,121,172,125,176,127,182,127,188,129,194,130,200,132,206,136,210,140,214,145,212,149,207,100,161,103,157,107,156,111,153,111,148,114,145,119,144,124,145,122,148,117,149,114,152,113,157,114,162,111,166,109,170,107,175,105,179,105,183,110,185,115,185,117,189,118,194,116,198,116,202,119,206,121,211,124,214,127,218,123,221,119,223
131,56,141,58,137,57,133,56,129,54,124,52,120,51,116,48,112,47,108,48,103,50,100,55,98,59,96,62,94,66,91,70,89,75,88,79,87,84,87,88,88,92,89,96,92,100,95,102,98,106,102,108,105,111,109,113,113,115,117,116,121,116,126,117,130,117,135,115,139,113,143,110,146,105,147,102,151,99,153,96,157,31,75,29,79,27,83,24,87,22,91,23,95,27,98,31,98,35,95,38,92,41,88,43,84,47,81,49,78,49,73,76,169,70,167,64,165,58,162,52,159,45,157,39,156,33,154,29,149,27,142,27,136,30,130,35,125,36,119,32,115,28,112,31,107,37,105,42,108,45,114,47,119,48,126,46,132,43,137,46,142,51,66,58,68,64,70,71,73,77,75,84,75,91,75,97,77,104,80,110,82,114,88,117,94,120,100,121,107,118,111,113,106,110,99,106,94,101,89,96,85,90,81,83,81,76,81,69,79,63,80,58,86,53,91,47,94,41,97,37,91,117,66,118,73,118,81,120,88,122,95,124,102,125,109,126,116,127,124,128,131,128,138,129,146,130,153,131,163,131,163,126,161,121,165,119,171,122,176,126,180,128,186,128,193,130,199,131,205,135,210,139,214,145,212,149,207,100,161,103,157,106,155,111,154,113,150,116,146,120,143,124,144,122,148,118,150,115,154,115,159,114,163,111,167,109,171,107,176,105,180,107,184,111,183,115,186,117,191,116,195,114,200,117,203,119,208,122,212,125,216,127,220,123,222,118,223
132,57,141,58,137,57,132,55,128,54,124,53,119,52,115,51,110,51,106,54,103,58,100,61,97,65,95,68,92,72,89,76,86,80,86,84,85,89,84,93,84,97,86,101,88,105,92,108,95,110,99,112,103,114,107,116,111,117,115,117,120,117,124,117,129,117,134,116,138,113,141,109,144,105,146,102,150,99,152,97,156,32,75,29,79,26,83,23,86,21,91,22,95,25,98,30,98,34,96,37,92,40,88,43,85,46,82,49,78,49,73,76,169,70,167,64,165,58,162,51,159,45,157,39,156,33,153,29,148,27,142,29,136,32,130,36,124,36,118,31,116,27,113,30,107,37,106,43,109,45,114,48,120,48,126,48,132,44,137,47,142,52,66,58,68,65,70,71,72,78,75,84,75,91,75,98,75,103,79,110,78,115,83,117,89,120,95,122,101,119,106,114,103,110,97,106,92,101,87,95,83,89,81,82,81,76,80,69,79,62,80,58,85,54,90,48,94,42,97,38,92,119,66,118,73,119,81,121,88,124,95,124,102,125,109,126,117,127,124,128,132,128,139,129,146,130,154,132,165,132,165,126,163,121,165,119,171,122,176,126,180,127,186,128,192,130,198,131,204,134,210,139,213,145,210,149,206,99,161,102,158,106,155,110,153,112,149,115,145,119,143,123,145,120,148,116,150,114,154,114,159,114,163,111,167,109,171,107,176,105,180,107,183,112,184,116,186,117,190,115,194,115,199,117,203,120,207,122,211,124,215,127,219,124,222,119,223
133,57,141,58,137,57,132,57,128,55,124,54,120,54,116,55,111,57,107,60,104,63,100,66,97,69,94,72,91,76,88,79,85,83,85,88,85,92,85,96,85,101,87,104,89,108,91,111,95,113,98,116,101,118,106,118,110,118,114,118,119,117,123,116,128,116,132,114,136,111,140,108,143,105,146,102,149,99,152,97,156,32,75,28,78,26,82,22,86,20,90,21,95,25,98,30,98,34,96,37,92,40,88,43,84,47,81,49,77,49,72,75,168,69,166,62,164,56,161,50,159,44,157,37,155,31,152,28,146,28,140,30,133,34,128,36,122,35,116,28,116,25,112,29,106,35,106,42,108,44,114,47,119,49,126,48,132,44,138,47,142,52,66,58,68,65,70,71,72,78,74,84,75,91,75,98,75,103,78,109,76,115,78,119,84,122,90,123,97,119,101,114,98,111,93,106,88,100,85,94,82,88,81,81,81,75,80,68,78,62,80,59,86,54,90,48,94,42,97,38,92,118,65,118,72,120,79,122,86,123,94,124,101,125,108,126,116,127,123,128,131,128,138,129,145,130,153,131,162,131,162,125,160,121,164,120,170,123,175,126,180,127,186,127,192,130,198,131,204,135,209,139,213,145,213,148,208,99,160,102,156,105,154,109,152,111,148,114,145,118,142,120,145,117,148,113,151,114,156,114,161,110,164,108,168,106,172,104,176,103,181,107,183,112,183,116,186,117,190,116,195,116,199,118,203,120,208,122,212,125,215,127,219,123,222,118,223
134,58,143,59,139,59,134,57,130,56,126,56,122,58,119,61,116,63,112,65,108,68,105,71,101,74,99,78,97,83,96,86,94,90,92,95,91,99,90,102,93,106,95,110,98,112,101,116,104,118,108,120,112,122,116,122,120,121,125,122,129,120,133,119,137,115,140,112,143,110,147,109,151,106,154,102,155,98,157,99,161,32,74,28,78,25,81,23,86,20,90,21,95,24,98,29,99,33,97,36,93,39,89,42,85,46,81,48,77,49,72,75,170,69,168,62,165,56,162,50,159,43,157,37,155,31,151,29,145,29,138,32,132,37,128,39,122,36,116,29,117,25,113,27,107,34,105,40,107,44,112,48,118,50,125,49,132,46,138,48,144,51,66,58,68,64,71,71,73,78,74,85,76,92,75,99,77,105,78,112,76,118,79,122,85,124,92,124,99,122,106,117,103,115,96,110,91,104,88,98,86,92,82,85,81,78,80,71,79,64,79,59,85,55,90,49,93,43,96,37,92,119,66,118,73,119,81,122,88,123,95,125,103,126,110,127,118,128,125,129,133,128,140,130,147,130,155,132,164,132,164,127,162,122,165,119,171,122,176,127,180,128,186,129,192,130,198,132,204,134,210,139,213,144,210,149,206,100,161,103,158,107,156,111,155,112,150,114,146,118,144,123,144,121,147,117,150,114,154,115,158,114,163,111,166,109,170,108,175,106,179,105,184,110,184,115,185,116,189,115,193,115,198,116,203,119,206,121,210,124,215,126,218,122,221,118,223
135,59,144,60,139,60,134,58,130,57,125,55,121,54,116,52,112,50,107,47,103,45,99,46,95,51,95,56,96,61,96,65,94,70,93,75,93,79,92,84,91,88,94,93,95,96,98,101,100,104,103,108,107,111,110,114,114,116,119,119,122,119,127,119,132,119,137,117,141,114,145,110,147,106,150,104,155,100,157,98,161,32,75,29,78,26,83,23,86,21,90,22,95,25,98,30,98,35,96,37,92,40,88,43,84,47,81,49,77,49,72,76,170,70,168,64,165,58,162,52,159,45,158,38,158,33,154,28,149,29,142,30,136,34,131,38,125,39,119,34,117,28,115,30,109,36,107,42,109,46,114,48,120,50,126,49,133,45,138,48,143,52,66,59,68,65,71,72,73,78,75,85,76,92,75,99,76,105,78,112,77,118,81,122,87,123,94,123,101,121,107,116,103,113,97,109,91,103,87,97,85,91,81,84,81,77,80,71,79,64,79,59,84,54,89,49,93,43,95,37,91,118,65,117,72,119,80,121,87,124,94,124,101,125,109,126,116,127,124,128,131,128,139,129,146,130,154,132,164,132,164,126,161,121,163,119,169,121,175,126,180,128,186,129,192,130,198,131,205,134,211,139,214,145,211,150,207,100,161,103,158,108,155,110,152,112,148,116,145,120,142,122,145,119,148,115,151,116,156,116,161,112,164,110,168,108,173,106,177,104,181,107,184,111,183,115,186,117,190,116,195,115,199,117,203,120,207,122,212,125,216,127,220,123,222,118,223
136,60,143,61,138,60,134,57,130,56,126,54,121,53,117,51,113,49,109,46,105,46,100,48,97,53,96,57,96,62,94,65,91,70,90,74,89,79,89,84,90,88,92,92,94,95,98,99,100,103,103,106,107,110,109,112,114,113,118,115,122,117,127,118,131,118,136,116,140,113,144,109,147,106,150,102,152,98,154,97,158,32,75,29,78,28,83,25,86,23,90,24,94,27,97,31,98,35,94,38,91,40,88,43,84,47,81,49,78,49,73,76,171,70,169,65,166,59,163,53,160,47,159,41,159,35,156,30,152,28,147,30,140,32,135,37,130,39,124,39,118,33,117,34,112,38,108,43,111,47,116,49,122,50,128,49,134,46,139,49,144,52,66,59,68,65,71,71,74,78,75,85,76,92,75,99,77,105,78,112,79,117,84,120,90,123,96,124,103,120,109,116,104,113,98,109,93,103,89,97,85,92,81,85,81,78,80,71,79,64,79,59,84,54,89,49,94,43,96,38,91,118,65,117,72,118,80,121,86,124,93,124,101,125,108,126,116,126,123,127,130,128,138,129,145,130,153,130,160,130,160,124,158,120,162,118,169,121,174,126,178,127,184,128,191,129,197,131,203,135,209,139,214,145,213,149,208,99,159,103,156,107,155,111,153,112,148,116,145,119,142,123,142,121,146,117,149,116,154,115,158,113,163,110,167,107,171,106,175,105,180,109,181,114,182,116,186,116,191,114,195,116,199,118,204,120,208,122,212,125,216,127,220,123,222,118,223
137,60,142,61,138,59,134,58,130,56,126,55,121,54,117,55,113,55,108,58,105,59,100,61,97,65,95,68,92,72,89,76,86,80,85,84,85,89,85,93,86,97,87,100,91,104,93,107,97,109,100,112,104,113,108,114,113,115,117,115,121,116,126,117,130,117,134,114,138,111,142,108,145,105,148,102,151,98,154,98,158,32,75,30,79,27,83,25,87,22,91,24,95,27,98,32,97,35,95,37,91,40,87,43,83,47,82,48,77,49,73,76,171,70,170,64,167,59,164,53,161,47,160,40,159,35,156,30,152,30,146,32,140,35,134,38,129,39,122,35,118,31,116,34,111,40,109,45,112,47,118,50,123,51,129,50,135,45,140,49,144,52,66,59,68,65,71,71,73,78,74,85,75,92,75,99,76,105,78,112,79,117,83,120,90,123,96,124,102,120,108,116,103,113,97,108,92,103,88,97,84,90,82,83,81,76,80,70,79,63,79,59,85,54,90,48,93,42,97,38,92,119,66,116,73,117,80,121,87,123,94,124,101,125,108,125,116,125,123,126,131,127,138,129,145,130,153,130,160,130,160,124,158,119,161,117,167,120,172,125,176,127,183,128,189,129,196,131,202,134,208,138,213,144,213,148,208,99,158,102,155,106,152,110,150,113,146,116,143,119,140,122,143,120,147,116,150,115,154,114,159,113,163,110,166,107,170,106,175,105,179,110,180,114,182,114,187,114,191,114,195,116,200,118,203,120,208,122,212,125,216,126,219,122,221,118,223
138,60,144,60,139,59,135,57,131,56,127,54,123,54,118,52,114,51,110,52,106,54,102,59,101,63,101,67,99,71,96,76,95,80,94,84,93,89,93,93,94,98,94,102,97,105,100,108,103,111,107,114,110,117,114,120,118,121,122,122,126,123,131,123,135,121,139,118,142,115,146,111,149,107,151,103,152,99,154,98,158,32,75,29,79,27,83,24,86,22,90,23,95,26,98,31,98,34,95,37,92,40,88,43,84,46,82,48,78,49,73,76,172,70,170,64,167,58,164,52,161,46,159,39,158,33,155,29,151,30,145,31,139,35,133,39,128,40,121,35,118,30,118,32,112,37,109,43,111,47,116,48,122,50,128,50,134,46,139,49,144,51,66,58,68,64,71,71,74,78,75,85,76,92,75,99,77,106,79,113,79,118,84,121,90,124,97,124,104,121,111,117,106,114,99,110,94,105,89,99,86,93,82,85,82,78,80,71,79,64,79,59,84,55,90,49,93,42,97,37,92,118,64,117,71,118,79,120,86,123,92,124,100,125,107,125,115,126,122,127,129,127,137,128,144,130,151,130,159,130,159,124,157,119,161,117,167,120,172,125,176,127,182,127,188,129,195,130,201,133,207,137,212,143,214,147,209,99,158,103,155,108,156,112,155,115,150,118,146,122,143,125,146,123,150,119,153,117,157,115,162,112,166,108,169,106,173,107,178,110,180,115,179,117,183,117,188,114,191,112,194,116,198,117,203,119,207,121,212,124,216,126,219,122,221,117,222
139,55,141,57,137,56,132,55,128,53,123,52,119,49,115,45,112,42,109,39,105,38,100,42,98,46,95,51,94,55,93,60,92,64,90,69,89,74,89,78,91,83,93,87,95,91,98,95,100,99,103,103,106,107,108,110,111,113,115,115,120,116,125,116,129,116,134,113,138,110,142,108,146,104,150,100,150,95,150,94,154,31,75,28,79,25,83,22,86,21,91,22,95,26,98,31,98,35,96,37,92,41,88,43,84,47,81,49,77,49,72,75,169,69,167,63,164,57,162,51,159,45,157,39,155,32,154,27,150,26,144,26,137,28,131,32,126,35,120,31,116,27,113,29,108,35,105,41,107,44,113,47,119,47,125,45,131,42,137,45,141,53,67,60,68,66,71,73,73,79,75,86,76,93,75,99,77,105,78,112,77,117,82,121,88,123,94,124,101,121,107,116,103,112,97,108,92,102,88,97,84,91,81,84,81,77,80,71,78,64,79,60,84,55,88,49,92,43,95,37,91,118,65,118,72,119,80,122,86,124,94,124,101,125,108,126,116,127,123,128,131,128,138,129,145,130,153,130,158,130,158,124,157,119,161,120,167,123,172,126,177,126,184,128,190,129,196,131,202,134,207,138,212,144,212,148,208,98,156,102,153,106,152,111,150,114,146,117,142,120,139,124,140,121,144,118,147,115,151,113,156,112,161,109,165,106,168,104,173,106,177,111,179,115,181,117,185,116,189,113,193,115,197,117,201,118,206,121,210,123,214,126,218,122,221,117,222
140,55,140,57,137,55,132,55,127,54,123,52,119,49,115,46,112,43,108,41,104,40,99,44,97,48,94,53,93,57,93,62,92,66,91,71,90,75,91,80,92,84,94,88,97,92,99,96,101,99,104,103,106,108,108,110,112,112,116,114,120,115,125,115,129,115,134,113,138,111,142,108,147,105,149,100,150,95,150,94,154,31,75,28,79,24,82,21,86,20,91,21,95,25,98,30,98,34,96,38,92,41,89,43,84,47,81,49,77,49,72,75,169,69,167,62,165,56,162,50,159,44,157,38,155,31,153,27,148,25,142,25,136,28,130,33,125,35,119,29,116,25,112,28,107,34,105,40,107,44,112,46,118,47,125,45,131,42,137,45,141,52,66,59,68,65,71,72,73,78,74,85,76,92,75,98,76,105,77,112,76,118,80,121,86,124,92,124,99,121,105,116,102,112,96,108,91,103,87,97,84,91,81,84,81,77,80,71,78,64,78,59,83,55,88,49,92,43,94,37,91,118,65,118,72,120,79,122,86,124,94,124,101,126,108,127,115,127,123,128,130,128,137,129,145,130,152,130,158,130,158,124,157,120,161,121,167,124,173,126,179,127,185,128,191,129,197,131,203,134,208,138,213,144,212,148,207,97,156,100,152,104,149,108,147,111,144,115,141,120,140,119,144,114,146,111,149,111,154,111,159,107,163,104,166,102,170,102,175,106,179,110,180,115,182,118,185,115,189,113,193,115,197,117,201,118,206,120,210,124,214,126,218,123,221,118,222
141,60,143,61,139,59,135,57,130,56,126,55,122,55,117,54,113,54,109,55,104,58,101,62,100,66,97,70,95,74,93,78,92,82,90,87,91,91,92,95,91,99,94,103,97,106,99,109,103,112,107,115,110,117,114,119,118,120,122,120,127,122,131,122,136,120,139,116,143,113,146,110,149,106,151,102,153,98,155,98,159,32,74,29,78,25,82,22,85,19,90,20,95,23,98,29,98,33,97,36,92,39,89,42,85,47,81,49,77,49,72,75,170,68,169,62,166,56,162,50,160,44,158,37,156,32,152,29,146,29,139,32,133,37,128,38,122,34,118,27,118,25,113,29,108,35,106,41,109,45,113,47,119,50,125,49,132,46,138,48,144,51,66,58,68,64,71,70,73,77,75,84,76,91,76,98,76,104,78,111,78,117,81,121,87,123,94,123,101,121,107,116,104,113,97,109,92,103,88,97,85,91,82,84,81,77,80,70,79,63,79,59,84,55,89,49,93,43,96,38,92,118,64,117,71,117,79,120,85,123,92,125,100,124,107,125,114,126,122,127,129,127,136,129,144,130,151,130,159,130,159,124,157,119,161,118,167,121,172,126,177,127,183,128,190,129,196,131,203,134,209,138,214,144,213,149,208,99,158,103,156,108,155,112,153,113,148,117,145,120,142,124,143,121,147,118,150,116,154,116,159,113,163,111,167,108,171,107,176,106,180,111,181,115,182,116,187,116,192,113,195,116,199,118,203,120,208,122,212,124,216,127,220,122,222,118,224
142,59,142,60,138,59,133,57,129,55,125,55,121,57,117,58,113,60,109,61,105,62,101,65,98,69,95,71,92,75,89,79,88,83,87,88,86,92,86,96,87,100,89,104,92,108,94,110,98,113,102,115,105,117,109,119,113,119,118,118,122,119,127,119,131,116,135,114,138,111,142,108,145,105,149,103,152,99,154,98,158,32,74,28,77,25,81,21,85,19,89,20,95,23,98,28,99,32,97,35,92,38,88,41,84,46,82,48,77,49,72,75,170,68,169,62,166,56,163,50,160,44,157,37,155,32,151,29,145,29,138,32,132,37,127,38,121,33,118,26,118,25,112,29,106,35,105,42,107,45,113,47,119,50,125,49,132,46,138,48,144,51,66,57,68,64,70,70,72,77,74,84,75,90,75,97,75,103,78,109,76,115,78,119,84,122,90,124,96,119,101,115,98,111,94,107,89,101,86,95,82,88,81,82,81,75,80,68,79,62,79,59,85,54,90,48,93,42,95,37,91,117,65,118,72,120,79,122,86,124,94,125,101,125,109,126,116,128,123,128,131,128,138,129,145,130,153,131,162,131,162,125,160,120,163,118,169,121,174,125,178,127,184,127,191,129,197,131,203,134,209,138,213,144,213,148,208,99,159,102,155,106,153,109,149,112,146,115,143,119,141,118,145,115,148,114,153,113,158,112,162,109,166,107,170,105,175,103,179,106,182,110,182,115,183,117,187,115,191,114,196,117,200,118,205,121,208,122,212,125,216,127,220,123,222,118,223
143,60,143,60,139,59,134,58,130,57,126,55,121,57,118,60,115,61,111,63,107,65,103,68,100,72,99,76,96,80,95,84,93,88,92,93,92,97,92,101,92,105,95,108,97,111,100,114,104,118,107,120,110,122,114,123,119,123,123,123,128,123,132,121,136,118,139,115,142,112,146,110,150,107,152,103,154,99,156,99,160,32,74,28,77,25,81,21,85,20,90,20,95,23,99,28,99,33,97,35,92,38,88,41,84,45,81,49,77,49,72,75,171,69,168,63,165,56,162,50,159,43,158,37,155,32,151,30,145,30,138,33,131,38,127,39,120,33,117,27,117,24,112,28,106,35,105,41,107,45,113,48,119,50,125,49,132,46,138,48,144,51,66,58,68,64,71,71,74,78,75,85,76,92,75,99,77,105,78,112,77,118,82,121,88,123,95,124,102,121,108,116,104,114,97,109,93,103,89,98,85,92,82,84,81,77,80,70,79,63,79,59,84,55,89,48,93,42,96,38,91,119,65,119,72,117,79,120,86,123,93,124,100,125,108,126,115,127,122,128,130,128,137,129,145,130,152,131,161,131,161,125,159,120,162,119,169,122,174,126,179,127,185,128,191,130,198,131,204,134,209,139,214,145,212,149,207,99,159,103,157,108,156,112,154,113,149,116,146,120,143,124,142,123,146,120,149,117,153,116,158,115,163,112,166,109,170,108,174,107,179,110,181,115,182,116,187,117,191,114,195,116,199,118,203,121,207,123,212,125,216,127,220,123,222,118,223
144,60,143,60,138,59,134,58,130,56,125,56,121,58,118,62,115,63,111,64,106,66,102,69,99,73,97,76,93,80,92,84,90,88,89,93,89,98,89,101,89,105,92,109,94,112,97,114,101,117,105,119,109,121,113,122,117,121,122,121,126,122,131,120,135,117,139,114,141,111,145,109,149,106,153,102,153,98,156,99,160,32,74,28,77,26,81,22,85,20,90,20,95,23,98,28,99,33,97,36,93,38,88,41,84,45,81,48,77,49,72,75,171,69,170,63,167,57,163,51,160,44,158,37,157,32,153,29,147,30,140,32,133,37,129,39,122,35,118,28,119,25,114,29,108,35,106,41,108,45,113,48,119,50,126,50,133,46,139,48,144,50,66,57,68,63,70,70,73,76,75,83,76,90,75,97,76,103,78,110,77,117,79,120,84,122,91,123,98,120,104,115,100,112,95,107,89,101,88,95,84,89,82,82,81,75,80,68,79,62,79,59,86,54,90,48,93,42,96,37,91,118,65,117,72,117,80,121,86,123,93,124,101,125,108,126,115,127,123,128,130,128,137,129,145,130,152,131,162,131,162,126,159,120,162,118,168,120,174,125,178,127,183,128,190,129,196,131,202,133,208,138,213,143,211,148,207,99,159,103,156,107,154,110,151,112,147,116,144,120,141,122,143,120,147,116,150,115,155,115,159,112,163,109,167,107,171,106,175,105,180,110,181,114,183,116,187,116,191,114,196,116,200,118,204,120,208,122,212,125,216,127,220,123,222,118,223
145,60,143,61,139,60,134,57,130,56,126,54,122,54,118,54,113,54,109,55,105,58,101,62,101,67,101,71,99,75,97,79,95,84,94,88,94,93,94,97,94,102,96,105,98,109,102,112,105,114,108,117,112,120,116,122,119,123,124,123,128,124,133,124,137,121,141,118,144,115,147,111,150,107,151,103,153,99,155,98,159,32,74,29,77,26,81,24,86,21,90,22,94,25,98,30,98,34,96,37,92,39,88,42,84,46,81,48,77,49,72,75,171,69,169,63,166,58,163,52,160,46,159,39,157,34,154,30,149,29,143,31,137,34,132,38,126,37,120,31,118,29,114,32,108,38,107,43,110,46,116,49,121,50,127,49,134,46,139,48,144,51,66,58,68,65,71,71,74,78,75,86,76,93,75,100,77,106,78,113,78,119,83,122,89,124,96,124,103,121,110,117,106,114,99,109,94,105,89,98,87,93,82,85,82,78,80,71,79,64,79,59,84,54,89,48,93,42,96,37,91,118,65,118,72,118,80,121,87,123,94,124,101,125,109,126,116,127,123,128,131,128,138,129,145,130,153,130,160,130,160,124,159,119,163,119,170,122,174,126,179,127,185,128,192,130,198,131,204,135,209,139,214,144,212,148,207,99,159,104,158,109,157,112,154,115,150,118,146,122,144,126,146,124,150,119,152,116,156,116,161,114,165,111,169,108,172,107,177,107,182,112,182,117,183,118,188,117,192,113,195,116,199,118,203,120,207,122,212,124,216,127,220,123,222,118,223
146,58,143,58,138,58,133,56,128,55,124,53,119,50,115,47,111,44,107,41,103,38,99,40,95,45,95,50,95,55,95,60,96,64,95,69,93,73,93,78,94,83,95,88,97,92,99,97,100,101,103,105,106,109,109,113,112,115,116,117,121,118,126,119,131,119,136,116,140,113,144,110,147,106,150,101,151,96,151,95,155,32,75,29,79,26,82,24,86,22,90,23,95,27,98,31,98,35,95,37,91,40,88,43,84,46,81,48,77,49,72,76,170,70,168,64,166,59,163,53,160,47,159,40,158,34,155,30,151,28,145,29,139,32,133,36,128,37,122,35,117,30,115,32,109,37,107,43,109,45,115,49,120,49,126,48,133,45,138,48,143,53,66,60,67,66,70,72,73,79,74,85,75,92,75,98,77,105,78,111,77,116,82,120,87,122,94,122,100,120,106,115,103,111,97,107,92,101,88,96,84,90,81,83,81,77,80,70,78,63,78,59,83,54,88,49,92,43,94,37,91,118,65,118,72,119,79,121,86,124,93,124,100,124,108,126,115,126,122,127,129,127,137,129,144,130,151,130,157,130,157,124,156,119,160,120,167,123,171,126,177,128,183,128,190,129,196,131,202,134,208,138,213,144,212,149,208,98,156,102,153,107,152,111,151,114,146,116,142,120,138,125,138,123,142,120,146,118,151,115,154,114,159,112,164,109,168,106,172,106,177,111,178,115,179,116,184,114,189,112,193,115,197,117,202,119,206,122,211,124,215,127,219,123,221,118,223
147,57,142,58,137,57,133,56,128,54,124,53,119,51,115,47,112,44,108,41,104,39,100,40,95,45,95,50,95,55,95,59,95,64,96,69,94,73,94,78,96,83,96,87,98,92,99,96,101,100,104,104,106,108,109,111,112,114,116,115,121,117,125,118,130,118,135,115,139,113,143,109,147,105,150,101,150,96,150,94,154,31,75,28,79,26,83,24,87,22,91,23,95,27,98,31,97,35,94,37,91,40,87,43,83,46,81,48,76,49,72,76,170,70,168,64,166,58,163,52,161,47,158,40,157,34,155,30,151,27,145,28,139,31,133,34,128,36,122,33,117,29,113,32,108,38,106,43,110,45,116,48,121,48,127,47,133,44,139,47,143,52,66,59,67,65,70,71,73,78,74,85,76,92,75,98,76,105,78,111,76,117,80,121,86,122,92,123,99,122,106,117,104,113,99,108,93,104,88,98,85,92,82,85,81,78,80,72,78,65,78,60,83,54,87,49,92,43,94,37,91,117,64,117,71,119,78,121,85,123,92,124,99,124,107,126,114,126,121,127,128,127,136,128,143,129,150,129,157,129,157,123,155,118,159,118,166,121,171,126,175,126,181,127,188,129,194,131,201,134,207,138,212,143,214,147,209,98,155,101,151,105,149,110,148,113,145,116,141,121,140,121,143,117,146,114,150,113,154,113,159,109,162,106,166,104,170,105,175,109,176,113,178,116,182,116,186,112,189,114,194,116,198,117,202,120,206,121,211,124,214,127,218,122,220,118,222
148,58,142,59,138,58,133,57,129,56,125,54,121,52,116,51,112,51,109,54,105,56,101,60,100,64,101,69,100,73,100,78,99,82,98,86,97,91,97,95,96,99,98,103,100,107,103,110,106,114,108,117,112,120,115,122,119,124,123,124,127,124,132,123,136,120,139,117,142,114,146,111,149,106,150,102,151,98,153,97,157,32,75,29,78,27,83,24,86,22,91,23,95,26,98,31,98,35,95,37,91,40,88,43,84,47,81,48,77,49,72,75,172,69,171,64,167,58,163,52,160,46,159,40,159,34,156,30,151,28,145,30,139,33,133,38,129,40,123,36,118,31,116,33,110,39,108,45,111,46,117,50,122,50,128,49,134,46,140,49,144,51,66,58,68,65,71,71,74,78,75,86,76,93,75,100,77,106,79,113,79,118,85,120,92,123,98,124,106,121,112,116,108,113,101,109,95,105,90,98,88,93,83,86,82,79,80,72,79,64,79,59,83,55,89,49,93,43,96,37,92,117,65,117,72,117,80,120,87,122,93,124,100,124,108,125,115,126,122,127,129,127,137,129,144,130,151,130,159,130,159,124,157,119,160,118,166,121,171,125,176,127,182,127,188,129,195,131,201,133,207,137,212,143,212,148,208,100,158,105,156,109,157,113,154,115,150,118,146,123,144,127,144,125,148,121,150,118,154,117,158,114,163,111,166,108,169,106,174,109,178,114,178,118,181,118,186,114,189,112,192,114,197,117,201,118,206,121,209,123,214,126,218,122,220,117,222
149,58,143,59,139,59,134,57,130,56,125,53,121,52,117,49,113,49,109,50,105,52,101,57,100,61,101,66,101,70,99,75,98,79,98,84,97,88,98,93,97,97,98,102,99,105,103,109,105,112,109,115,112,118,115,120,119,122,123,124,128,124,132,124,137,121,141,118,143,114,147,111,150,107,151,102,152,98,154,97,158,32,75,29,79,27,83,25,87,23,91,24,96,27,98,32,98,35,95,38,91,40,87,44,84,48,81,48,77,49,72,75,172,69,170,63,167,58,163,52,160,45,159,39,158,33,155,29,151,28,144,30,138,33,132,38,128,39,122,36,118,31,117,33,111,38,108,44,111,46,117,49,121,50,127,49,134,46,139,49,144,51,66,58,68,64,71,71,74,78,75,85,76,92,75,99,77,105,79,112,80,117,85,121,91,123,98,124,105,121,111,116,106,114,100,109,95,104,90,98,87,92,82,85,81,78,80,71,79,64,79,59,84,55,89,48,93,42,96,37,92,117,65,117,72,118,80,121,87,123,94,124,101,125,108,126,116,127,123,128,130,127,137,129,145,130,152,130,158,130,158,124,156,119,160,118,167,121,172,126,176,127,183,128,189,129,196,130,202,134,208,138,213,144,213,148,208,100,160,105,158,109,159,113,157,114,152,117,148,121,145,126,144,126,148,122,151,118,155,117,160,115,164,111,167,108,171,108,175,110,180,115,180,119,183,119,188,115,191,113,193,116,197,117,202,119,206,122,211,124,215,126,218,122,221,117,222
150,57,143,58,138,57,134,56,129,54,125,54,120,51,116,48,112,44,110,41,106,39,101,42,98,47,97,52,97,56,98,61,98,66,96,71,96,76,96,80,97,85,98,90,100,94,101,99,103,103,106,107,109,111,111,114,114,117,119,119,123,121,127,120,132,119,137,117,141,114,145,111,149,107,151,102,152,97,153,95,157,32,75,29,78,26,82,24,86,22,91,23,95,26,98,31,99,34,96,38,92,40,88,43,84,46,81,49,78,49,73,76,170,70,168,64,165,58,162,52,159,46,158,39,157,34,153,29,149,27,143,28,136,31,131,35,126,36,119,34,114,28,114,30,108,36,105,41,107,44,113,47,119,48,125,48,132,44,137,46,142,52,67,59,68,65,71,72,73,79,75,85,76,92,75,99,77,105,80,111,81,116,86,119,92,121,98,122,105,120,112,115,107,111,101,108,95,104,90,97,86,92,83,85,82,78,81,71,79,64,79,60,84,55,89,49,93,43,95,37,91,117,65,118,72,119,80,121,87,123,94,125,101,125,109,126,116,127,123,128,131,128,138,129,145,130,153,130,161,130,161,124,159,120,163,118,169,122,174,126,179,127,185,128,192,130,198,131,204,135,209,139,214,145,212,149,207,100,159,105,157,109,157,112,154,115,150,119,147,123,145,127,145,125,149,121,152,117,154,117,159,115,164,111,166,107,169,105,173,108,177,113,177,117,181,117,186,114,189,112,192,115,196,117,201,118,205,121,209,124,213,127,217,123,219,118,221
151,55,141,57,137,56,132,55,127,53,123,52,119,50,114,47,111,43,107,41,103,38,99,41,95,45,94,50,94,55,94,60,94,64,91,69,91,73,91,78,91,83,92,87,95,92,97,96,99,100,101,104,105,108,108,111,111,114,115,116,119,118,124,118,129,117,133,115,138,113,142,110,145,106,148,102,151,98,153,95,157,31,75,28,79,26,83,23,87,22,91,23,96,27,99,31,99,35,97,37,92,40,88,43,85,46,82,49,78,49,73,76,168,70,166,64,163,58,160,52,158,45,156,39,155,32,153,28,148,26,142,26,135,28,129,32,124,35,118,32,113,27,110,30,105,36,103,41,106,43,112,47,118,47,125,45,131,42,137,45,141,52,67,59,69,65,70,72,73,78,75,85,76,92,76,98,78,104,81,110,82,114,88,117,94,120,100,121,107,118,110,113,105,109,100,104,95,100,90,95,85,90,81,83,81,76,81,69,79,63,79,59,85,54,89,48,93,42,95,37,91,117,66,118,73,119,80,121,88,123,95,124,102,126,109,126,116,127,124,128,131,128,138,129,145,130,153,131,162,131,162,125,161,121,165,120,171,124,176,127,181,128,187,129,193,130,199,131,205,135,210,139,214,145,212,149,208,100,161,103,158,107,156,111,155,113,150,116,146,120,145,125,145,124,148,120,149,116,152,115,157,115,162,114,166,110,170,108,174,106,178,108,181,112,182,117,184,117,189,115,193,114,198,117,201,119,206,122,210,124,214,127,218,123,221,119,223
152,56,141,57,137,56,132,55,128,54,123,52,119,50,115,47,111,45,108,43,103,44,99,48,97,52,96,57,94,61,92,65,91,70,89,74,89,79,89,83,90,88,91,92,94,96,96,100,99,103,102,106,105,109,109,112,112,114,116,116,121,116,125,116,130,116,134,114,139,112,143,109,146,105,148,102,151,98,153,95,157,31,75,28,79,26,83,23,87,21,91,23,96,26,99,31,99,34,97,37,93,40,89,43,85,46,82,49,78,49,73,76,168,70,167,64,164,58,161,52,158,45,157,39,156,33,153,28,148,26,142,26,136,29,130,32,124,35,118,32,113,27,110,30,105,36,103,41,107,43,113,47,118,47,125,45,131,42,137,45,141,52,67,59,69,65,71,72,73,78,75,85,76,92,76,98,78,105,80,111,84,114,89,117,96,119,102,120,109,116,112,112,107,108,101,105,95,100,90,95,86,90,81,83,81,76,81,69,79,63,80,58,85,53,90,47,94,41,96,37,91,118,66,118,73,118,81,120,88,122,95,124,102,125,109,126,116,127,124,128,131,128,138,129,145,130,153,131,162,131,162,125,161,121,166,121,172,125,176,127,182,127,188,129,194,130,200,132,206,135,210,140,214,145,212,149,207,100,161,103,157,107,156,111,154,113,150,116,146,120,144,125,145,125,148,120,149,116,151,114,156,114,161,113,166,110,169,107,174,106,178,106,182,111,183,115,184,118,188,117,193,114,197,116,201,118,206,121,209,124,213,127,217,124,221,119,222
153,56,141,57,137,56,132,55,128,54,124,52,120,51,115,48,112,46,108,45,104,47,100,51,98,55,96,59,95,63,92,67,90,71,89,76,88,80,88,84,90,89,91,93,93,97,95,100,98,103,102,106,105,109,109,112,112,114,116,115,121,116,125,116,130,116,134,115,138,112,142,109,145,106,148,102,151,98,153,96,157,31,75,29,79,26,83,24,87,22,91,23,96,27,98,31,98,35,96,37,92,40,88,43,84,46,81,49,78,49,73,76,169,70,167,64,164,58,161,52,158,46,157,39,156,33,154,29,149,26,143,26,137,29,131,33,126,34,119,32,114,27,111,31,106,37,103,42,107,44,113,47,119,47,125,45,131,42,136,45,141,52,67,59,69,65,71,72,73,78,75,85,75,92,75,98,79,105,81,111,84,114,90,117,96,120,103,121,110,117,112,113,106,109,101,105,95,100,90,95,86,89,81,83,81,76,81,69,79,62,80,58,86,53,91,47,94,41,97,37,91,117,66,117,73,118,81,120,88,121,95,123,102,125,109,126,117,127,124,128,131,127,138,129,145,130,153,131,162,131,162,125,161,120,165,121,171,124,176,127,181,127,187,129,193,130,199,132,205,135,210,140,214,145,212,149,207,100,160,103,157,107,155,111,152,112,148,116,145,121,144,125,145,122,147,118,148,115,152,114,156,114,161,112,166,108,168,107,173,106,177,106,182,110,183,115,184,117,188,117,193,115,197,116,201,118,205,121,209,124,212,126,217,124,220,119,222
154,56,142,58,138,57,134,56,129,55,125,52,121,51,117,49,113,46,109,47,105,48,101,52,99,56,97,61,95,65,93,69,91,73,89,77,88,82,88,86,89,90,91,94,93,98,95,101,98,105,102,108,105,110,109,112,113,114,117,116,121,116,126,117,130,117,135,116,139,113,142,109,145,105,147,102,151,99,154,97,158,31,75,29,79,26,83,24,87,22,91,23,95,26,98,31,98,35,95,38,92,40,88,43,85,47,81,49,78,49,73,76,170,70,168,64,165,58,162,51,159,45,157,38,156,32,153,28,148,26,142,27,135,31,129,35,125,36,118,32,115,27,112,31,107,37,105,42,108,45,114,47,120,49,125,47,132,43,137,46,142,52,67,59,69,65,71,72,73,79,75,85,76,92,75,98,77,104,81,111,83,113,89,117,95,120,101,121,108,118,111,113,106,110,100,105,94,101,89,95,85,89,81,83,81,76,81,69,79,62,80,58,86,53,91,47,94,41,97,37,91,117,66,118,73,118,80,120,87,122,94,124,101,125,109,126,116,127,123,128,130,128,137,129,145,130,152,131,161,131,161,125,160,121,164,120,170,124,175,126,180,127,186,127,192,130,198,131,204,135,209,138,214,144,213,148,208,100,161,103,157,108,156,112,155,113,150,116,145,121,144,126,144,124,148,119,149,116,153,115,158,115,163,113,167,110,172,107,175,105,180,105,184,110,184,115,185,118,189,118,194,114,197,116,202,119,206,121,210,124,214,127,218,124,222,119,223
155,57,141,58,137,56,132,55,128,54,124,53,119,52,115,49,111,48,107,51,104,55,101,58,98,62,96,65,93,69,91,73,88,77,87,82,85,86,85,91,86,95,87,99,89,102,93,105,96,108,100,110,104,112,108,113,112,115,116,116,121,116,125,116,130,117,134,116,138,112,142,109,145,105,147,102,150,99,153,96,157,32,75,29,78,26,82,23,86,21,90,22,95,25,98,30,98,34,96,37,92,40,88,43,84,46,82,49,78,49,73,75,169,69,167,63,164,57,161,51,159,44,157,38,156,32,153,28,147,27,141,28,135,32,129,36,124,36,117,30,116,26,112,30,107,36,105,41,108,45,113,47,119,48,125,47,131,44,137,47,142,52,66,58,68,65,70,71,72,78,75,84,76,91,76,98,76,103,79,110,79,115,84,118,90,121,96,122,102,118,107,113,103,110,98,106,92,101,88,95,84,89,82,82,81,75,80,69,79,62,80,58,85,53,90,47,94,42,97,37,92,117,65,118,72,119,80,121,87,123,94,124,101,125,109,126,116,127,123,128,131,128,138,129,145,130,153,131,163,131,163,125,163,121,167,122,173,125,177,126,183,128,189,129,195,130,201,132,207,136,211,141,214,146,211,150,207,99,161,102,158,107,156,111,154,112,149,115,145,119,144,124,145,123,148,118,148,115,152,114,156,114,161,112,166,110,170,108,174,106,179,105,183,110,185,115,185,118,189,118,194,115,198,117,202,119,207,122,210,124,215,127,219,124,222,119,223
156,57,140,58,136,57,131,56,127,55,123,54,119,54,114,56,110,57,106,60,102,62,99,66,96,69,93,72,90,75,87,78,84,82,83,87,83,91,83,96,84,100,86,103,88,107,91,110,94,112,98,115,101,117,105,117,109,117,114,116,118,116,122,116,127,115,131,113,135,110,139,107,142,104,145,102,148,99,152,97,156,32,75,28,79,25,82,22,86,19,90,20,95,24,98,29,98,34,96,36,92,40,88,43,84,46,81,49,77,49,72,75,168,69,166,62,164,56,161,50,159,43,157,37,155,31,152,27,146,27,139,29,133,34,128,36,122,34,116,27,116,25,112,28,106,35,105,41,107,44,112,47,118,48,125,47,131,44,137,47,142,52,66,58,68,65,70,71,72,78,74,84,75,91,75,98,75,104,78,110,77,116,79,119,85,122,91,123,98,118,102,115,98,111,93,106,89,100,85,94,82,87,81,81,81,74,80,68,78,62,80,58,86,53,90,48,94,42,97,37,92,119,66,118,73,120,81,123,87,125,95,125,102,126,110,127,117,128,125,128,132,129,140,130,147,130,155,131,163,131,163,126,161,121,165,120,170,123,175,126,180,127,186,128,192,130,198,131,204,134,209,138,213,143,211,148,207,99,159,101,155,105,152,109,150,111,146,115,143,119,142,121,145,117,146,114,150,113,154,113,159,111,163,108,167,106,171,104,175,103,180,107,181,112,183,115,186,116,190,116,195,114,199,117,203,120,207,122,211,125,214,127,218,123,221,119,223
157,58,143,59,139,59,135,57,131,56,127,55,122,56,118,57,114,58,110,61,107,64,104,67,101,71,100,75,98,79,96,83,94,87,93,91,92,95,91,99,92,103,94,107,97,110,99,113,103,115,106,118,110,120,114,121,118,120,122,120,126,120,131,119,135,117,139,114,141,111,145,109,148,106,151,102,154,99,157,99,161,32,74,28,78,25,82,22,85,20,90,20,95,24,99,29,99,33,97,36,93,38,88,41,84,46,81,48,77,49,72,75,171,69,169,63,166,57,162,50,159,43,158,37,155,32,151,29,145,29,138,31,132,37,128,39,122,36,117,29,118,25,113,28,107,34,105,41,107,44,113,48,119,50,125,49,132,46,138,48,144,51,66,58,68,64,71,71,73,78,74,85,76,92,75,99,76,105,77,112,76,118,80,121,86,123,92,123,99,121,105,117,101,113,95,109,90,103,88,97,84,90,82,83,81,76,79,69,79,62,79,59,85,54,90,48,93,42,96,37,91,118,65,118,72,119,80,121,87,124,94,124,101,125,109,126,116,127,123,128,131,128,138,129,145,130,153,132,163,132,163,126,162,121,165,120,171,123,176,126,181,128,187,129,193,130,199,132,205,134,211,140,213,145,210,150,206,100,161,103,158,108,156,111,153,112,148,116,146,120,143,123,144,119,147,116,150,115,155,115,160,113,164,110,168,109,173,106,176,104,181,106,184,111,183,115,185,117,189,116,194,115,198,117,203,119,207,122,211,124,215,127,219,124,222,119,223
158,59,143,60,138,59,134,57,129,56,125,54,120,52,116,50,112,47,108,44,104,43,100,45,96,49,96,54,96,59,95,63,93,68,91,73,91,77,91,82,91,87,94,91,95,94,98,99,101,103,104,106,107,110,110,113,113,116,117,118,122,118,126,119,131,119,136,117,140,114,144,109,146,106,149,103,153,98,154,97,158,32,75,29,78,26,83,23,86,21,90,22,95,25,98,30,98,34,95,37,92,39,87,43,83,47,81,49,77,49,72,76,170,70,168,64,165,58,162,52,160,46,159,39,157,34,154,29,149,29,143,30,136,34,131,38,126,38,119,32,117,28,114,31,108,37,107,43,109,46,115,49,120,49,127,49,133,45,138,48,143,53,67,60,68,66,71,73,73,79,74,86,76,93,75,99,77,105,78,112,77,117,81,121,87,124,93,124,100,121,106,116,102,112,97,108,91,103,87,97,84,91,81,84,81,77,80,71,78,64,79,60,84,55,88,49,92,43,95,37,91,118,65,118,72,119,80,122,87,123,94,124,101,125,108,126,116,127,123,127,131,128,138,129,145,130,153,132,163,132,163,126,161,120,164,118,170,121,175,126,179,128,185,129,192,130,198,131,205,135,210,139,214,145,211,150,207,100,161,103,158,108,157,112,155,113,150,116,147,120,145,124,145,122,149,118,151,116,156,116,160,114,165,112,168,109,173,108,177,106,181,109,183,113,183,116,186,117,191,115,195,115,200,118,203,120,208,123,211,124,216,127,219,123,222,119,224
159,60,142,61,138,59,134,57,129,55,125,54,121,53,116,51,112,49,108,48,104,49,99,52,97,57,95,61,93,65,91,69,89,73,87,78,86,82,87,86,89,91,90,94,93,97,96,101,99,104,102,107,105,110,109,111,114,114,117,115,122,116,126,118,131,118,135,115,139,113,143,109,146,105,149,101,150,97,152,97,156,32,75,30,79,27,82,24,86,22,90,22,95,26,97,31,97,35,95,37,91,40,87,43,83,46,81,48,77,49,72,76,170,70,168,64,166,59,163,53,161,47,160,41,159,35,157,30,152,30,147,31,140,34,135,37,130,39,124,36,120,31,117,33,111,39,109,44,111,47,117,49,122,50,128,49,134,46,140,49,144,52,66,58,68,65,71,71,73,78,74,85,75,92,75,98,76,105,78,112,79,116,84,119,90,122,96,123,103,119,108,114,103,111,97,107,92,101,89,96,85,90,81,83,81,77,80,70,79,63,80,59,85,54,89,48,93,42,95,37,91,119,65,117,72,117,79,120,86,123,93,124,100,124,107,125,115,126,122,127,130,127,137,129,144,130,152,130,159,130,159,124,157,119,160,118,167,121,172,125,177,127,183,127,189,129,196,131,202,134,208,137,213,143,213,148,209,99,158,103,155,107,153,110,150,112,146,116,143,119,138,121,140,121,145,117,148,115,153,114,158,113,162,110,166,107,170,105,174,105,179,110,180,114,181,116,185,114,190,113,194,116,198,117,203,120,207,122,211,125,216,127,220,123,222,118,223
160,61,143,61,139,60,134,58,130,57,126,55,122,55,118,56,114,57,109,59,106,61,102,63,98,67,97,70,94,74,92,78,90,82,89,87,88,91,88,96,88,100,90,103,93,106,96,110,99,112,102,114,106,116,110,117,115,118,119,118,124,119,128,119,132,118,136,115,140,112,143,109,147,106,149,102,152,98,154,98,158,32,75,29,79,26,83,24,86,22,91,23,95,26,98,31,98,35,95,38,91,40,87,43,83,47,81,48,77,49,72,76,172,70,171,64,168,59,164,53,161,47,159,41,159,35,157,30,152,30,146,31,140,35,134,39,129,39,123,35,119,31,116,33,110,40,109,45,112,47,118,50,123,51,129,50,135,45,140,49,144,51,66,57,68,64,70,70,72,77,74,84,75,91,75,97,76,104,78,110,77,116,80,119,86,122,92,123,99,119,104,115,100,112,94,106,90,100,87,94,83,88,81,81,81,74,80,68,78,61,80,59,86,53,90,48,94,42,96,37,91,119,65,116,72,117,79,120,86,123,93,124,100,124,108,125,115,126,123,127,130,127,138,129,145,130,153,130,159,130,159,124,157,119,161,118,167,121,172,126,177,127,183,127,190,129,196,130,202,134,208,138,213,144,213,148,208,99,158,102,154,106,153,110,149,112,145,116,142,119,138,122,140,120,144,117,148,116,153,115,157,113,162,111,166,108,170,106,174,106,179,110,180,115,182,116,187,114,191,114,195,117,199,119,203,121,208,122,212,125,216,127,220,123,223,118,224
161,59,143,60,139,58,134,57,130,55,126,54,122,52,117,50,113,49,109,51,105,54,101,58,101,63,101,67,99,71,97,75,96,80,95,84,94,88,95,93,96,97,96,101,99,105,101,108,104,111,108,114,111,117,115,120,118,121,123,122,127,123,132,123,136,120,140,117,142,114,146,111,149,106,150,102,153,98,154,97,157,32,74,30,78,27,82,24,86,22,90,23,95,26,97,31,97,35,95,37,91,40,88,43,84,47,81,48,77,49,72,76,172,70,170,64,167,58,164,53,161,46,159,40,158,34,156,29,151,30,145,31,139,35,134,39,128,39,122,34,118,30,117,33,111,38,109,44,111,46,117,50,122,50,128,49,135,46,140,49,145,51,67,58,68,65,71,72,74,79,75,87,76,94,75,101,78,107,79,114,80,119,85,122,92,124,99,125,106,122,113,117,109,115,101,110,96,106,89,99,88,94,83,87,82,79,81,72,79,65,79,59,83,55,90,49,93,42,96,37,91,118,65,118,72,118,80,121,86,123,93,124,100,125,108,126,115,127,122,127,129,127,137,129,144,130,151,129,158,129,158,124,156,119,161,118,167,122,172,126,177,127,183,128,190,129,196,131,202,134,208,138,213,144,213,148,208,100,157,105,155,110,155,113,152,116,148,119,144,123,141,126,144,124,148,120,151,118,156,115,161,112,164,108,167,105,171,107,176,111,178,116,179,118,184,118,188,113,190,112,194,116,198,117,202,120,207,121,212,125,215,127,219,122,221,117,222
162,55,140,56,136,55,131,55,127,54,122,51,119,48,115,45,112,42,108,40,104,39,100,43,97,47,95,52,93,56,92,61,92,65,90,70,90,75,90,79,91,83,94,87,96,92,98,96,100,99,103,103,105,107,107,110,111,112,115,114,119,115,124,115,128,114,133,113,137,111,142,108,146,104,148,100,149,95,150,93,154,31,75,28,79,25,83,22,86,21,91,22,95,26,98,31,98,35,96,37,92,40,88,43,84,46,81,49,77,49,72,75,168,69,166,63,164,57,161,51,159,45,156,38,155,32,153,28,148,25,142,25,136,27,130,31,125,34,119,30,115,26,111,30,106,36,104,41,108,43,114,47,119,46,126,44,132,41,137,45,141,53,67,60,68,66,70,72,73,79,74,85,75,92,75,99,76,105,77,112,76,117,81,120,86,122,92,123,99,120,105,115,101,111,96,107,90,101,87,95,83,89,81,83,81,76,79,70,78,63,78,59,84,54,88,49,92,43,94,37,91,118,65,118,72,119,79,121,86,123,94,124,101,125,108,126,115,127,123,128,130,128,137,129,144,130,152,130,158,130,158,124,157,119,161,119,167,123,172,126,177,126,184,127,190,130,196,131,202,134,208,138,213,144,214,147,208,96,155,99,151,103,148,108,147,112,144,115,140,120,139,122,143,117,144,115,148,112,152,111,157,110,161,107,166,104,170,103,174,104,179,109,179,114,180,116,184,114,188,113,193,115,198,117,202,119,206,121,210,123,214,126,218,123,222,118,223
163,55,140,57,136,56,132,55,127,54,123,52,119,50,115,47,111,44,107,42,103,41,99,45,96,49,94,53,93,58,93,62,91,67,90,71,90,76,90,80,92,84,94,89,96,93,98,96,101,100,103,104,105,108,107,111,111,113,115,114,119,115,124,115,128,115,133,113,137,111,142,109,145,105,148,101,150,97,151,95,155,31,75,28,79,24,82,21,86,19,90,21,95,24,98,29,98,34,96,37,92,40,88,43,84,47,81,49,77,49,72,75,168,69,166,63,164,57,161,51,159,44,156,38,155,32,153,27,148,26,142,26,136,29,130,33,125,34,119,28,116,25,111,28,106,35,105,41,107,44,113,47,119,47,125,45,131,42,137,45,141,53,67,60,68,66,71,73,73,79,74,86,76,93,75,99,76,106,77,113,76,118,80,121,86,123,93,124,100,121,105,116,102,112,96,108,90,102,87,97,84,91,81,84,81,77,80,70,78,63,78,59,83,55,88,49,92,43,94,37,91,118,65,118,72,120,79,122,86,124,94,124,101,125,108,126,116,127,123,128,131,128,138,129,145,130,153,130,158,130,158,124,157,119,161,119,167,123,172,126,178,127,184,128,190,129,197,131,203,135,208,139,213,144,213,148,208,98,157,101,154,104,151,109,148,111,144,115,141,119,139,120,142,116,144,113,148,113,153,111,158,109,162,107,166,105,171,103,175,106,178,111,179,115,181,117,185,114,189,113,193,116,197,117,202,119,205,122,209,124,214,126,218,123,221,118,222
164,59,142,60,138,57,134,57,130,55,126,53,121,52,117,51,113,52,108,54,104,56,100,60,98,63,95,67,92,71,90,74,87,79,86,83,85,88,85,92,87,96,89,99,92,102,96,105,99,108,103,110,106,113,110,116,114,117,118,117,123,118,127,119,131,119,136,116,139,113,143,109,146,105,148,102,151,98,152,96,156,32,75,29,79,25,83,22,86,19,90,20,95,24,98,29,98,33,97,36,93,39,89,42,84,46,82,49,78,50,73,76,168,69,167,63,164,57,161,51,159,44,157,37,155,31,152,28,146,28,140,30,133,35,129,37,122,37,116,30,116,25,114,27,108,34,106,40,108,45,112,48,118,49,124,48,131,45,137,47,143,52,66,59,68,65,71,71,73,78,75,85,75,92,75,98,76,104,78,111,77,116,81,120,87,122,94,124,100,119,105,115,102,113,96,108,91,102,87,96,84,90,81,83,81,77,80,70,79,63,79,59,84,54,90,49,94,43,97,38,92,119,65,117,72,118,79,121,86,123,93,124,101,125,108,126,116,127,123,127,130,128,138,129,145,130,153,130,160,130,160,124,158,120,162,119,168,122,174,126,178,127,185,128,191,129,197,131,203,134,209,138,214,144,213,148,208,99,159,103,156,107,155,111,152,113,148,116,144,120,142,125,142,122,145,118,148,116,152,115,157,115,161,113,166,110,169,107,173,107,178,110,181,115,182,118,185,117,190,114,193,115,198,118,202,120,206,122,210,124,215,127,218,124,221,119,223
165,59,141,60,137,58,132,57,128,56,123,53,119,51,115,49,111,47,107,46,102,48,98,51,94,54,91,58,88,61,85,65,82,69,80,74,80,79,81,83,82,88,84,91,87,94,91,98,94,101,97,104,101,107,105,110,108,111,113,113,117,114,122,115,126,116,131,115,135,113,140,110,143,106,146,102,148,98,149,95,153,32,75,29,78,26,82,23,86,21,90,22,95,26,97,31,98,34,94,37,91,40,87,43,83,47,81,49,77,49,72,75,169,70,167,64,165,58,162,52,160,45,158,39,157,33,154,28,150,28,143,29,137,33,131,36,126,36,119,30,117,28,113,31,108,37,107,43,110,45,116,48,121,49,128,47,134,44,139,48,142,53,67,60,68,66,70,72,73,79,74,85,75,92,75,98,76,104,78,111,77,116,81,120,86,122,93,124,99,119,103,114,100,111,94,106,90,100,86,95,82,89,81,82,80,76,79,69,78,63,79,58,84,54,89,48,93,42,96,37,92,118,65,118,72,120,79,122,86,124,94,124,101,125,108,126,116,127,123,128,131,128,138,129,145,130,153,129,158,129,158,123,156,118,160,118,167,122,172,126,177,127,183,127,190,129,196,131,202,134,208,138,213,144,213,148,208,98,156,102,153,105,150,109,147,112,143,116,140,120,138,119,142,117,145,115,150,114,155,112,159,111,164,108,168,106,172,104,176,108,178,113,180,116,183,115,187,113,191,114,195,117,199,119,204,121,207,122,212,125,216,127,220,123,223,118,224
166,61,143,61,138,60,134,58,130,56,126,55,121,54,117,53,113,51,109,51,104,52,100,56,98,61,97,65,94,68,91,73,90,77,89,82,88,86,89,91,90,95,92,99,95,102,97,105,101,109,104,112,108,114,112,117,116,119,120,119,124,121,129,123,133,121,137,118,141,115,144,112,147,107,149,103,151,99,153,97,157,32,75,29,79,26,83,24,86,22,91,23,95,26,98,31,98,35,95,37,91,40,87,43,83,47,81,49,77,49,72,76,171,70,170,64,167,59,163,53,161,47,159,41,159,35,157,30,153,30,146,31,140,34,135,38,130,40,124,37,119,31,117,33,111,38,109,44,111,46,117,50,122,50,128,49,134,46,140,49,144,52,66,58,68,65,71,71,73,78,74,85,75,92,75,98,77,105,78,111,79,116,84,120,90,122,96,123,103,119,108,114,104,112,98,107,92,102,89,96,85,90,81,84,81,77,80,70,79,63,79,58,84,54,89,48,93,42,96,37,91,117,64,117,71,117,79,120,85,122,92,124,99,124,107,125,114,126,121,127,128,127,136,128,143,129,150,129,157,129,157,123,155,118,158,117,165,121,170,125,175,126,181,126,188,128,194,130,201,134,206,137,212,143,214,147,209,99,156,104,155,109,154,112,151,115,147,119,143,123,140,126,142,123,146,118,149,118,153,116,158,113,162,109,165,106,169,106,173,110,176,115,177,118,181,117,186,113,189,112,192,115,196,117,201,119,206,122,210,124,214,127,218,123,221,118,222
167,61,143,61,138,60,134,58,130,56,126,55,121,57,118,59,114,59,110,60,106,63,102,65,98,69,96,72,92,76,90,80,88,85,87,89,87,94,88,99,88,102,90,106,93,109,96,111,101,114,104,117,108,118,112,120,116,120,121,121,125,122,130,122,134,119,137,116,140,113,144,110,148,107,151,103,152,99,154,98,158,32,75,29,78,26,82,24,86,22,90,23,95,26,98,31,98,35,95,37,91,40,87,43,84,47,81,48,77,49,72,76,172,70,171,64,168,59,164,53,161,47,160,41,159,35,156,31,152,30,145,31,139,35,134,38,129,39,123,35,119,31,116,34,110,39,108,45,111,47,117,49,123,51,129,50,135,45,140,49,144,51,66,57,68,64,70,70,72,77,74,84,75,91,75,97,76,103,78,110,77,116,80,120,86,122,92,123,99,119,104,115,101,112,95,107,90,101,87,95,84,89,82,82,81,75,80,69,79,62,79,59,85,54,90,48,93,42,95,37,91,118,65,118,72,118,80,121,86,123,93,124,100,125,108,125,115,125,122,127,129,127,137,128,144,130,151,130,158,130,158,124,156,119,159,118,166,121,171,126,175,127,181,127,188,129,194,131,201,134,206,137,212,143,213,148,208,99,158,103,155,107,154,111,151,114,147,117,143,121,140,125,140,123,144,119,148,117,152,115,157,114,161,112,166,109,170,107,174,107,179,111,180,116,182,117,186,115,191,113,194,115,198,118,202,120,207,122,211,124,216,127,219,123,222,118,223
168,60,143,60,139,59,134,57,130,55,126,54,122,52,118,50,114,51,109,53,105,57,102,61,101,65,100,69,98,74,96,78,94,82,93,87,93,91,93,96,93,100,94,103,97,107,100,110,104,112,107,115,111,118,114,120,118,121,123,122,127,123,132,124,136,122,140,118,142,115,145,111,148,107,150,103,151,99,154,97,157,32,74,30,78,28,82,25,86,22,89,23,94,26,97,30,97,34,95,37,91,39,87,42,84,46,81,47,77,48,72,76,172,70,170,64,167,59,164,53,162,47,160,41,159,35,156,31,152,30,146,32,140,35,135,38,129,39,123,35,119,31,116,34,111,40,109,45,113,47,118,50,123,50,129,51,135,46,140,49,145,51,66,58,68,64,71,71,74,78,75,85,76,92,75,99,77,106,78,113,77,118,82,122,89,123,96,123,103,121,109,116,104,114,98,109,92,103,89,98,86,92,82,84,81,77,80,70,79,63,79,59,85,54,89,48,93,42,96,37,91,118,65,117,72,118,79,121,86,123,93,124,100,125,107,125,115,126,122,127,129,127,137,129,144,130,151,130,158,130,158,124,156,119,159,117,166,120,171,126,175,127,181,127,188,129,195,131,201,134,207,138,213,143,214,148,209,100,158,104,155,109,155,113,153,115,148,119,145,123,143,127,145,124,148,120,150,117,154,116,158,114,163,110,167,107,171,105,175,107,178,112,178,116,181,117,186,115,190,112,193,115,197,116,201,119,206,122,210,124,214,127,218,123,220,118,222
169,57,142,57,137,57,132,55,127,54,123,52,118,50,114,47,110,43,107,40,103,38,98,41,95,46,94,51,94,56,95,60,95,65,95,70,93,75,93,80,94,84,95,89,98,93,100,98,101,102,104,106,106,110,110,114,113,116,117,117,122,118,126,119,131,118,136,114,139,112,143,109,147,105,150,100,150,95,150,94,154,32,75,29,78,27,82,25,86,23,91,23,95,27,98,31,98,35,95,38,91,41,88,43,84,47,81,49,78,49,73,76,169,70,167,64,164,58,162,52,159,46,158,40,157,34,154,29,150,27,144,28,138,31,132,35,127,36,121,34,115,29,114,31,108,37,106,42,109,45,114,48,120,48,126,47,132,44,137,47,142,53,67,60,67,66,70,72,73,79,74,85,76,92,75,98,76,104,78,111,77,116,81,121,86,122,93,123,99,121,105,115,103,112,97,107,92,102,88,97,84,91,81,84,81,77,80,71,78,64,78,60,83,55,87,49,91,43,93,37,91,117,65,118,72,119,79,121,86,122,93,124,101,125,108,126,115,127,122,127,129,128,137,129,144,129,151,129,157,129,157,123,155,118,159,118,166,122,171,126,175,127,182,127,188,129,195,131,201,134,207,138,212,144,214,148,209,98,156,102,153,107,152,111,149,114,145,117,141,121,138,124,140,121,144,118,148,116,153,113,157,112,162,110,166,106,169,104,173,107,177,112,178,116,181,117,185,113,189,113,193,115,197,118,201,119,206,122,210,124,215,127,218,123,221,118,223
170,58,143,59,138,58,134,57,129,56,125,54,121,52,116,49,112,46,109,43,105,42,100,44,96,49,96,53,96,58,96,63,97,68,96,72,96,77,96,82,96,86,98,91,99,95,100,99,103,104,105,107,108,111,111,114,114,116,118,118,123,120,127,120,132,120,136,117,140,114,143,110,147,107,150,102,151,97,151,96,155,31,75,29,79,27,83,24,87,23,91,24,95,27,98,31,98,35,95,38,91,40,88,43,84,47,81,49,77,49,73,76,171,70,169,64,166,58,163,53,161,46,159,40,158,34,156,29,152,28,145,29,139,32,133,36,128,37,122,35,116,30,115,33,109,38,107,43,110,46,115,49,121,49,127,48,133,45,139,48,143,52,66,59,68,65,71,72,73,79,74,86,76,93,75,99,77,106,78,113,78,118,82,122,88,122,95,123,102,122,109,117,106,113,100,110,94,105,89,99,86,93,82,86,81,79,81,72,79,65,79,60,83,55,88,49,92,43,94,37,91,118,64,117,71,118,78,121,85,123,92,124,99,124,106,125,113,126,120,126,128,127,135,128,142,129,149,129,155,129,155,123,154,119,159,119,166,123,171,126,176,127,183,127,189,129,196,131,202,135,207,138,213,144,214,148,209,99,155,102,152,107,151,111,148,113,143,117,140,121,137,124,140,119,142,116,146,115,151,114,155,112,160,108,162,106,167,105,172,108,175,112,178,116,180,116,185,113,188,113,192,115,197,117,202,119,205,122,210,123,214,126,218,122,220,117,222
171,60,144,60,140,60,135,57,131,57,127,54,123,53,119,52,115,52,111,53,106,56,103,60,101,64,102,69,101,73,100,77,99,82,98,86,98,91,98,95,97,99,98,103,101,107,103,110,106,113,109,117,113,119,116,121,120,123,124,123,129,124,133,124,138,121,141,117,143,114,146,111,150,107,152,103,153,98,155,97,158,32,75,30,79,28,83,25,87,23,91,24,95,27,98,32,98,36,96,38,92,41,88,44,85,47,82,48,77,49,73,76,172,70,171,64,167,59,163,53,160,47,159,40,159,34,157,30,152,29,146,31,140,34,134,39,130,40,124,39,118,33,119,33,113,38,109,44,112,47,116,50,122,51,128,50,134,47,140,50,144,51,66,58,68,65,71,71,74,78,75,86,76,93,75,99,78,106,79,113,80,118,86,121,92,123,99,124,106,120,112,116,107,113,100,109,95,104,90,98,87,92,82,85,82,78,80,71,79,64,79,59,84,55,89,49,93,43,96,37,92,118,64,117,71,118,79,121,85,123,92,124,100,124,107,125,114,126,122,127,129,127,136,129,144,130,151,129,157,129,157,123,155,118,159,118,166,121,171,126,175,127,182,127,188,129,195,131,201,134,207,137,213,143,214,148,209,100,156,105,154,110,155,114,153,117,149,120,144,124,141,129,142,127,146,123,149,119,152,118,157,115,161,111,164,108,167,105,172,109,174,114,176,117,180,117,185,113,188,112,192,115,196,117,201,119,205,122,210,125,214,127,218,122,220,117,221
172,59,144,60,139,59,135,57,131,56,126,54,122,53,117,49,114,47,110,46,105,48,101,52,100,57,101,62,101,66,100,71,99,75,98,80,98,85,98,90,99,94,99,99,101,103,103,107,106,110,109,114,112,117,115,120,119,122,123,124,127,124,132,125,137,122,140,119,143,115,147,112,150,107,151,103,153,98,154,97,157,32,75,29,79,28,83,26,87,23,91,24,95,27,98,32,98,36,95,38,92,41,88,44,84,47,82,48,77,49,73,76,172,70,170,64,167,58,163,52,161,46,160,39,159,33,156,29,151,29,145,31,139,34,133,38,128,39,121,36,117,31,117,34,111,39,107,43,111,46,116,48,122,50,127,50,134,46,139,49,144,51,67,58,68,65,71,72,73,79,75,86,76,93,75,100,78,107,80,114,82,118,88,121,94,124,101,124,108,120,113,116,108,114,101,109,95,104,90,98,87,92,82,85,81,78,80,71,79,63,79,59,85,55,91,48,94,42,97,38,92,118,65,118,72,119,80,122,87,124,94,126,101,126,109,126,116,127,124,128,131,127,138,129,146,131,153,130,158,130,158,124,157,118,160,118,166,121,171,125,176,127,182,128,188,129,195,131,201,133,207,137,212,143,212,148,208,100,158,104,156,109,157,113,155,116,150,119,146,123,143,127,143,126,148,121,150,118,154,117,159,114,163,110,166,106,169,105,173,110,176,114,178,118,181,117,186,113,189,112,193,116,197,117,201,118,206,122,210,125,214,127,218,122,220,117,221
173,55,142,57,138,56,133,55,128,54,123,52,119,49,115,46,111,43,107,40,103,37,99,40,96,45,96,50,95,55,95,60,95,64,94,69,93,74,94,79,94,84,95,88,98,92,99,97,100,102,102,105,105,109,109,113,112,116,116,118,120,118,125,119,130,119,135,116,139,114,143,110,146,106,150,102,152,97,152,95,156,32,75,29,79,27,83,24,87,23,91,23,96,27,99,31,99,35,96,38,93,40,89,43,85,46,82,49,78,49,73,76,169,70,167,64,164,58,161,52,158,45,157,39,156,33,153,28,148,26,142,27,135,30,129,34,125,36,119,34,113,28,112,30,106,36,104,42,106,44,113,46,118,47,124,47,130,43,136,45,141,52,67,59,68,65,70,72,73,78,75,85,76,91,76,98,77,104,80,111,81,116,85,118,92,121,98,122,104,118,109,114,105,110,99,106,94,101,89,96,85,89,82,83,81,76,80,69,79,63,79,59,85,54,89,48,93,42,95,37,91,117,65,118,72,119,79,121,87,122,94,124,101,125,108,126,115,127,123,128,130,128,137,129,144,130,152,130,159,130,159,124,157,120,161,119,168,122,172,125,178,126,184,128,191,129,197,131,203,135,208,139,213,145,213,148,208,100,158,104,156,109,155,112,152,114,148,118,145,122,142,127,142,125,146,121,148,118,152,117,156,116,161,112,164,108,167,106,171,109,174,113,177,117,180,116,184,114,188,113,193,115,196,118,200,119,205,122,209,125,213,127,217,122,219,118,221
174,55,140,56,135,54,131,55,126,53,122,51,117,48,113,45,110,41,107,39,103,37,98,41,96,45,94,50,93,55,92,59,90,64,89,69,87,73,87,78,88,82,90,87,92,91,94,95,97,99,100,102,103,106,107,110,110,112,114,114,118,115,123,116,128,115,132,114,137,112,141,109,145,105,148,101,151,96,151,94,155,31,75,28,78,26,83,23,87,22,91,23,95,26,98,31,98,34,95,37,91,40,88,43,84,45,81,49,77,49,73,75,167,69,165,63,163,57,160,51,158,45,156,38,155,33,152,28,147,25,142,25,135,28,129,32,125,33,118,31,113,27,109,30,103,37,102,41,106,43,113,46,118,46,125,44,130,41,136,45,140,52,67,59,69,65,71,71,73,78,75,84,76,91,76,97,78,104,80,110,82,114,87,116,94,119,100,121,106,117,110,112,105,108,100,103,95,99,89,94,85,89,82,82,82,75,80,69,79,62,79,58,85,53,89,48,93,42,96,37,91,117,66,119,73,119,80,120,87,122,95,123,102,125,109,126,116,127,123,128,130,128,137,128,145,129,152,131,160,131,160,126,159,121,164,120,170,124,175,126,180,127,186,128,193,130,198,131,205,134,210,138,214,144,212,148,207,99,159,101,155,105,152,110,150,113,147,116,143,120,141,124,144,121,146,116,147,114,152,113,157,113,162,111,166,109,170,105,173,104,178,107,180,112,181,115,183,116,188,114,193,114,197,117,201,120,205,122,209,124,214,127,218,123,221,119,223
175,55,141,57,137,56,132,55,128,54,124,52,119,50,115,48,111,45,108,44,103,43,99,48,97,52,95,56,93,60,91,64,88,68,87,73,86,78,87,82,88,87,89,91,91,95,94,98,96,101,100,104,103,108,107,111,110,113,114,114,119,115,123,115,128,115,133,113,137,112,141,108,145,105,148,101,150,97,152,95,156,31,75,28,78,26,83,23,87,22,91,23,95,26,98,31,98,35,96,37,92,40,88,43,85,46,81,49,78,49,73,75,168,69,166,63,163,57,161,51,158,45,157,39,155,33,153,28,148,26,142,27,135,29,130,33,125,34,118,31,114,27,110,31,105,37,103,42,107,43,113,47,119,47,125,45,131,42,137,45,141,52,67,59,69,65,71,72,73,78,75,85,76,92,76,98,78,105,80,110,84,113,90,115,97,119,102,120,109,117,112,112,107,109,101,105,96,100,91,95,86,90,82,83,81,76,80,70,79,63,80,58,85,53,90,48,94,42,96,37,92,117,66,118,73,118,80,120,87,122,94,124,101,125,109,126,116,127,123,128,130,128,137,129,145,130,152,131,161,131,161,125,160,121,164,120,170,124,175,126,180,127,186,128,192,130,198,131,204,135,209,139,213,145,211,149,207,99,160,102,156,106,154,110,152,113,148,116,144,120,143,124,145,121,147,117,149,114,153,113,158,113,163,112,167,109,171,105,174,104,179,106,182,111,183,116,185,117,189,116,194,114,198,117,201,119,206,122,210,124,214,127,218,123,221,119,223
176,56,141,57,137,56,132,55,128,54,123,52,119,50,115,48,111,46,107,45,103,47,99,52,98,56,96,60,94,63,91,67,89,72,88,76,87,81,87,85,89,90,90,94,93,97,96,101,99,104,102,106,106,109,109,112,113,114,117,115,122,115,126,116,131,116,135,114,139,111,142,108,146,104,148,101,152,97,153,96,157,31,75,29,79,27,83,24,87,22,91,23,95,27,98,32,98,35,95,38,91,41,87,43,84,47,81,49,77,49,72,76,169,70,167,64,165,58,162,52,159,46,157,40,156,34,154,29,149,27,143,27,137,30,131,33,125,35,119,31,115,29,111,32,106,39,105,43,109,45,115,48,120,47,126,46,132,43,138,46,142,52,66,58,69,65,71,71,73,78,75,85,75,92,76,98,79,105,80,110,83,114,90,116,96,120,102,121,108,117,111,112,106,109,100,104,95,100,90,94,85,89,81,82,81,76,80,69,79,62,80,57,85,53,90,47,94,41,97,37,91,117,66,118,73,119,81,121,88,122,95,124,102,125,109,126,117,127,124,128,132,128,139,129,146,130,154,131,163,131,163,125,162,121,166,121,172,124,176,126,181,127,187,128,193,130,198,131,204,134,209,139,213,144,211,148,207,99,160,102,156,106,154,110,152,112,148,115,144,120,142,124,143,121,146,117,149,114,152,114,157,113,162,111,166,109,170,107,175,104,179,106,182,111,183,115,185,117,190,117,195,114,198,116,202,119,206,122,210,124,215,127,218,124,221,119,223
177,56,141,58,137,57,133,56,129,54,124,53,120,50,116,48,112,46,108,47,104,49,100,53,97,57,96,61,94,65,91,69,89,74,89,78,88,83,88,87,89,91,91,95,93,99,96,102,99,105,102,107,106,110,110,112,114,114,118,115,122,116,127,116,131,117,136,115,140,112,143,109,146,105,148,102,151,98,153,96,157,31,75,29,79,26,83,23,87,22,91,23,96,27,98,31,98,35,95,38,91,41,87,43,84,47,81,49,77,49,72,76,169,70,167,64,165,58,162,52,159,46,157,40,156,34,154,29,150,26,144,27,138,30,132,34,127,35,121,33,115,28,113,31,108,37,105,42,108,44,114,47,120,48,126,46,132,43,137,46,142,52,67,59,69,65,71,72,73,78,75,85,75,92,75,98,78,105,80,111,83,114,89,117,95,120,101,121,108,117,111,113,106,109,100,105,94,100,89,95,86,89,81,83,81,76,81,69,79,62,80,58,86,53,91,47,94,41,97,37,91,118,66,118,73,118,81,120,88,121,95,123,102,125,109,126,116,127,123,127,130,128,137,129,145,130,152,131,162,131,162,125,161,121,166,121,172,125,177,127,182,128,189,129,194,130,200,132,206,136,211,141,214,146,212,150,207,100,162,103,158,107,156,110,154,111,149,114,146,119,144,123,144,121,146,117,150,115,153,115,158,114,163,111,167,109,171,107,176,105,180,106,184,110,184,115,186,117,190,118,194,115,198,117,203,119,207,121,211,124,215,127,219,124,222,119,223
178,57,141,58,137,57,132,55,128,54,124,53,119,52,115,49,111,48,107,51,103,54,101,58,98,62,96,65,93,69,91,73,88,77,87,81,86,86,85,90,86,95,86,98,88,102,92,104,95,107,99,110,102,112,107,113,111,114,115,115,120,116,124,117,128,117,133,116,137,113,141,110,144,106,146,102,149,99,151,96,155,32,75,29,79,26,82,23,86,21,91,22,96,26,98,31,98,35,96,37,91,40,88,43,84,47,81,49,77,49,72,76,168,70,166,64,164,57,161,51,159,45,157,39,155,33,153,28,148,27,142,28,136,31,130,35,124,36,118,30,116,26,112,30,107,36,105,42,108,44,114,47,119,48,126,46,132,43,137,46,142,52,66,58,69,65,70,71,73,78,75,85,75,92,75,98,76,104,79,110,79,115,83,118,90,121,96,123,102,119,107,114,103,112,97,107,92,102,88,96,84,89,82,83,81,76,80,69,79,62,80,58,85,53,90,48,93,42,97,37,92,118,65,118,72,119,80,121,87,124,94,124,101,125,108,126,116,127,123,128,131,128,138,129,145,130,153,131,164,131,164,125,162,120,164,119,170,121,175,125,179,127,185,127,191,129,196,131,202,133,208,137,212,143,212,147,208,99,160,102,157,107,154,110,151,112,147,116,144,121,143,123,146,119,148,115,151,114,155,114,160,113,164,110,168,107,172,105,176,104,181,108,183,113,183,117,186,118,191,117,195,116,199,118,203,120,207,122,212,125,215,127,219,124,222,119,223
179,56,139,57,135,56,130,55,126,53,122,52,118,52,113,53,109,54,105,57,102,60,99,63,96,67,93,70,90,73,87,77,84,81,83,85,83,90,83,94,83,98,85,102,87,106,90,109,93,110,97,114,100,116,104,116,108,116,113,116,117,116,121,115,126,115,130,113,134,111,138,108,141,105,144,101,147,98,150,96,154,32,75,28,78,26,83,23,86,20,90,21,95,25,98,30,98,34,96,37,92,40,88,43,84,47,81,49,77,49,72,75,167,69,166,62,163,56,160,50,158,44,156,38,155,32,152,28,147,27,140,28,134,32,128,35,123,34,116,28,115,26,111,30,106,36,105,42,108,44,113,47,119,48,126,46,132,43,137,46,142,52,66,58,68,65,70,71,72,78,74,84,75,91,75,97,75,103,78,109,76,115,79,119,85,121,91,123,97,119,102,114,100,112,94,107,89,101,85,95,83,89,81,82,81,76,80,69,79,63,80,58,85,54,90,48,94,42,97,38,92,118,65,117,72,118,79,122,86,124,93,124,101,125,108,126,116,127,123,128,130,128,138,129,145,130,153,132,164,132,164,126,162,121,165,119,171,122,176,125,181,127,187,128,193,130,198,131,205,135,210,139,214,145,212,149,207,97,159,100,155,103,152,108,150,111,147,114,143,118,142,119,145,115,148,112,151,112,156,112,160,110,165,107,169,105,173,104,177,106,181,110,182,115,184,117,187,116,192,114,196,116,200,118,204,120,208,122,212,125,216,127,220,123,222,118,223
180,57,140,58,136,57,131,56,127,55,123,54,119,54,115,57,111,59,108,62,104,64,101,68,98,71,95,74,91,77,89,81,87,85,86,90,86,94,86,98,86,102,88,106,91,110,92,112,96,115,100,117,103,118,107,119,112,118,116,118,120,118,125,116,129,114,133,113,137,110,140,107,144,105,148,101,149,98,152,97,156,31,74,28,78,24,81,21,85,19,90,20,94,24,97,29,98,33,96,36,92,39,88,42,84,46,81,48,77,49,72,74,168,68,166,62,163,56,161,50,158,43,156,37,155,32,151,29,145,28,139,29,132,34,127,36,122,33,117,26,116,25,110,29,105,36,104,42,107,44,113,48,119,48,125,47,132,44,138,47,142,51,66,57,68,64,70,70,72,76,74,83,75,90,75,96,75,102,78,108,75,114,76,118,81,121,87,123,93,120,99,115,98,112,93,107,88,101,86,95,82,89,81,82,81,75,80,69,79,62,79,59,85,54,89,48,93,43,96,37,92,118,65,117,72,120,79,122,86,124,94,124,101,125,109,127,116,128,124,128,131,128,139,129,146,130,154,131,161,131,161,125,160,121,164,121,170,124,175,127,181,127,187,129,193,130,199,132,205,135,210,140,214,145,212,149,207,98,158,101,154,104,152,109,150,111,146,114,143,118,140,119,143,116,147,113,150,113,155,112,160,110,164,108,168,106,172,105,177,104,181,109,182,114,183,116,187,115,192,114,196,116,200,118,204,121,208,122,212,125,216,127,220,123,222,118,223
181,58,143,59,139,58,135,57,131,55,126,55,122,56,118,56,114,58,110,61,107,64,104,67,101,71,100,75,98,79,96,83,95,87,93,91,92,95,91,99,92,103,94,106,96,110,99,113,102,116,105,118,109,120,113,121,117,120,121,120,126,120,130,119,134,117,137,113,140,111,144,109,148,105,151,102,153,98,156,98,159,32,74,28,77,25,81,23,86,20,90,21,95,24,99,29,99,33,97,36,92,38,88,41,84,45,81,49,77,49,72,75,170,69,168,63,165,56,162,50,159,43,158,37,155,32,151,29,145,29,138,31,132,37,127,38,121,34,116,27,117,25,111,29,106,35,105,41,107,45,112,47,119,49,125,49,132,46,138,48,144,51,66,58,68,64,71,71,73,78,74,85,76,92,75,98,76,105,77,112,76,118,79,122,85,123,92,123,99,121,105,117,102,114,96,109,91,103,88,97,85,91,82,84,81,77,80,70,79,63,79,59,84,55,89,48,93,42,96,37,91,118,65,117,72,119,79,122,86,123,94,124,101,125,108,126,116,127,123,128,131,128,138,129,145,130,153,132,163,132,163,126,161,120,164,119,170,121,175,125,179,128,185,129,191,130,198,131,204,134,210,138,213,144,210,149,206,100,160,103,156,107,155,111,154,112,149,115,146,119,143,122,145,119,149,115,151,114,156,115,160,112,164,109,167,107,171,107,176,105,181,107,183,112,183,115,186,116,190,115,195,114,199,117,203,119,207,122,211,124,215,126,219,123,222,118,223
182,58,142,59,137,58,133,57,128,55,124,54,119,51,115,48,111,45,108,43,104,41,99,44,95,48,95,53,95,58,95,62,93,67,91,71,91,76,91,81,91,85,93,90,95,94,97,98,100,102,103,105,106,109,109,112,113,115,117,117,121,118,126,118,130,119,135,117,139,114,143,110,146,107,149,103,152,98,152,96,156,32,75,29,79,26,83,23,86,21,90,22,95,25,98,30,98,34,96,37,92,40,88,42,84,46,81,49,78,49,73,76,169,70,167,64,165,58,162,51,160,45,158,39,156,33,153,28,149,28,142,30,136,34,131,38,125,38,119,33,116,28,114,30,108,36,106,41,109,46,113,47,119,49,126,48,132,45,138,48,143,53,67,60,69,66,71,72,73,79,75,86,76,92,75,99,76,105,77,112,77,117,81,121,87,123,93,123,100,120,106,115,102,111,96,108,91,102,87,96,84,90,81,84,81,77,80,71,78,64,79,60,84,55,88,49,92,43,94,37,91,118,65,118,72,118,80,121,87,123,94,124,101,125,109,126,116,127,123,128,131,128,138,129,145,130,153,131,163,131,163,126,160,120,162,118,168,120,174,125,178,128,183,128,190,129,196,130,202,133,208,137,213,143,211,148,207,100,161,103,157,107,156,111,153,112,149,116,146,119,143,122,144,120,148,117,151,115,156,114,161,113,165,110,169,108,173,106,178,105,182,109,182,113,183,116,186,116,191,114,195,115,200,118,204,120,208,122,212,124,216,127,220,122,222,118,224
183,60,143,60,138,59,134,57,130,56,125,54,121,52,117,50,113,48,108,46,104,47,100,50,97,55,95,59,94,63,91,67,90,72,88,76,87,81,87,85,88,89,91,93,93,97,97,100,100,103,103,107,106,109,110,112,114,114,118,115,123,116,127,118,131,118,136,115,139,113,143,110,146,105,148,101,150,97,152,96,156,32,75,29,79,27,83,24,86,22,90,22,95,26,97,31,97,35,94,37,90,40,87,43,83,46,81,48,77,49,72,76,170,70,168,64,166,58,163,53,161,47,159,41,158,34,156,30,152,30,146,31,140,34,135,37,129,39,123,36,119,31,117,33,111,38,109,44,111,47,117,49,122,50,128,49,134,46,140,49,144,52,66,59,68,65,71,72,73,79,74,85,75,92,75,99,77,106,78,112,79,117,85,120,91,122,97,123,104,120,109,115,105,112,98,108,93,102,89,97,85,91,81,84,81,77,80,71,79,64,79,59,84,54,89,48,93,42,96,37,91,118,65,116,72,117,79,120,86,123,93,123,100,124,108,125,115,125,122,126,130,127,137,128,144,130,152,130,159,130,159,124,157,119,160,117,167,120,172,125,177,127,183,127,190,129,196,131,203,134,209,138,214,145,212,149,207,98,158,102,155,107,154,110,151,113,147,116,144,119,140,123,140,122,145,119,148,116,152,115,157,114,161,112,166,109,169,107,174,106,178,110,180,114,182,116,187,115,191,114,195,116,199,119,203,120,208,122,212,124,216,127,220,123,222,118,224
184,60,142,61,138,59,134,58,130,56,125,54,121,55,117,55,113,56,108,58,105,59,100,63,98,66,95,69,92,73,89,77,87,81,86,86,86,90,86,94,86,98,88,101,91,105,94,108,97,110,101,113,105,114,109,115,113,117,117,117,122,118,126,118,131,118,135,115,139,113,142,110,146,106,148,103,151,99,153,97,157,32,75,29,79,27,83,24,86,22,90,23,95,26,97,31,97,35,95,38,91,40,87,43,83,47,81,48,77,49,72,76,171,70,170,64,167,59,164,53,161,47,160,41,159,35,156,31,152,30,145,31,139,36,135,38,129,39,123,34,119,31,115,34,110,40,108,45,112,47,117,50,122,50,128,49,134,46,140,49,144,52,66,58,68,65,71,71,72,78,74,85,75,92,75,98,76,104,78,111,77,117,81,119,87,122,93,123,100,119,105,116,100,111,95,107,90,101,87,95,83,89,82,82,80,75,79,68,79,62,79,59,85,54,90,48,94,42,96,37,92,118,65,117,72,117,79,120,86,122,92,123,100,124,107,125,114,125,121,126,128,127,136,128,143,129,150,130,159,130,159,124,157,118,160,117,166,119,172,125,175,127,181,127,187,129,194,130,200,133,206,137,211,142,213,147,208,99,159,102,155,107,154,110,151,112,146,116,143,118,138,121,139,121,144,118,148,116,152,114,157,113,162,110,166,107,170,105,175,104,179,108,181,113,181,115,184,115,189,113,194,116,198,117,202,120,207,121,212,124,216,127,219,123,222,118,224
185,60,144,60,140,59,135,57,131,56,127,54,123,53,118,51,114,51,110,51,106,54,102,58,101,63,101,67,99,71,97,75,96,79,95,84,94,88,95,93,95,97,96,101,98,104,101,108,104,111,107,114,110,117,114,120,118,121,122,122,127,123,131,123,136,121,139,117,142,114,145,111,149,107,151,103,152,99,154,97,158,32,75,29,79,27,83,24,87,22,91,23,95,26,98,31,98,35,95,37,91,40,87,43,84,47,81,48,77,49,72,76,172,70,170,64,167,58,164,52,161,46,160,39,158,34,155,29,151,30,145,31,138,36,133,39,128,40,121,34,118,30,117,33,111,38,109,44,112,47,117,49,122,50,128,50,135,46,140,49,145,51,66,58,68,65,71,71,74,79,75,86,76,93,75,100,78,106,79,113,79,118,85,121,91,123,98,124,106,121,112,116,107,114,100,109,94,105,89,98,87,93,83,85,82,78,80,71,79,64,79,59,84,54,90,48,93,42,96,37,91,117,65,118,72,119,80,121,87,123,94,125,101,125,108,126,116,127,123,128,130,127,138,129,145,130,152,130,160,130,160,124,158,119,162,118,168,121,173,125,178,127,184,128,190,129,196,131,203,134,208,138,213,144,213,148,208,100,158,105,156,109,157,113,155,116,151,119,146,122,144,126,145,124,149,120,152,117,155,116,160,114,165,110,167,106,170,107,175,110,179,114,179,118,181,118,186,115,190,112,193,115,196,116,201,118,205,121,209,123,214,126,217,122,220,117,221
186,55,140,57,136,55,132,55,127,54,123,51,119,48,115,45,112,42,108,39,104,38,100,42,98,46,95,51,93,55,93,60,91,64,89,69,88,73,88,78,90,82,92,86,94,90,97,94,99,98,102,101,105,106,107,109,110,112,114,113,119,115,123,115,128,115,133,113,137,111,141,109,145,105,148,101,150,96,151,94,154,31,75,28,79,25,83,22,86,20,91,22,95,26,98,30,98,34,96,37,92,40,88,43,84,47,81,49,77,49,72,75,168,69,166,63,164,57,161,51,158,45,156,39,155,32,154,28,149,25,143,25,137,28,131,32,126,34,120,29,116,26,112,29,107,35,105,41,107,44,113,47,119,47,125,45,131,42,137,45,141,53,67,60,68,66,70,72,73,79,75,85,76,92,75,99,76,105,77,111,77,117,81,121,86,122,93,123,100,120,106,116,102,112,97,107,92,102,88,97,83,90,81,84,81,77,80,70,78,64,79,59,84,55,88,49,92,43,94,37,91,118,65,118,72,120,79,122,86,124,93,124,101,125,108,126,115,127,123,128,130,128,137,129,144,130,152,130,158,130,158,124,157,121,162,121,169,124,174,126,180,127,186,128,192,129,198,131,204,134,209,139,214,144,213,148,208,97,156,100,152,104,151,109,149,112,145,114,141,119,139,122,141,119,144,115,148,113,152,112,157,110,162,108,166,105,170,104,174,107,178,111,179,116,181,116,186,114,190,113,194,116,198,118,203,120,207,122,211,124,216,127,219,123,222,118,223
187,55,140,57,136,56,132,55,127,54,122,51,118,49,114,45,111,42,108,40,104,38,100,42,97,46,95,50,93,55,92,59,90,64,89,68,89,73,88,77,90,82,92,86,94,89,97,94,99,97,102,101,105,105,107,109,110,111,114,113,119,114,123,114,128,114,133,113,137,110,141,109,146,105,148,100,149,96,150,94,154,31,75,28,79,24,82,20,86,19,90,20,95,24,98,29,98,34,96,37,93,40,88,43,84,47,81,49,77,49,72,74,168,68,166,62,163,55,161,49,159,43,156,37,154,31,152,26,147,25,141,26,134,29,129,34,124,34,118,28,116,24,112,28,107,34,105,40,107,44,112,46,118,47,125,45,131,42,137,45,141,53,67,60,68,66,71,72,73,79,74,86,75,93,75,99,76,106,77,112,76,118,80,121,85,124,92,124,99,121,104,116,101,112,95,108,90,102,86,96,83,90,81,83,81,77,79,70,78,63,78,59,83,54,88,49,92,43,94,37,91,118,65,117,72,120,79,122,86,124,94,124,101,125,108,126,116,127,123,128,130,128,138,129,145,130,153,130,158,130,158,124,157,120,162,121,168,124,174,126,179,127,186,128,192,130,198,131,204,134,209,139,214,144,213,148,208,98,156,101,152,105,149,109,147,112,144,116,141,121,140,121,144,116,145,113,149,112,153,112,158,109,162,106,166,104,170,103,175,105,178,110,178,114,180,116,185,114,188,113,193,115,197,117,202,119,206,121,210,123,214,126,218,122,221,118,223
188,60,142,60,138,58,133,57,129,55,125,54,121,54,116,52,112,53,108,54,104,56,100,60,98,64,95,67,92,71,90,75,88,79,87,84,87,88,87,92,88,96,91,99,94,103,97,105,101,108,104,111,107,113,111,115,115,116,119,117,124,119,128,119,133,118,137,114,140,112,143,109,147,105,149,102,152,98,153,97,157,32,75,29,79,25,83,22,86,19,90,20,95,24,98,29,98,33,96,37,92,40,88,43,84,47,81,49,77,50,72,75,169,69,167,62,165,56,162,50,160,43,158,37,156,31,153,27,148,29,141,31,135,35,130,38,124,37,117,31,117,26,115,29,109,35,107,41,109,45,114,48,120,49,126,49,133,45,139,48,143,52,66,59,68,65,71,71,73,78,74,85,75,92,75,98,76,104,78,111,77,116,81,120,87,123,93,124,100,120,105,115,102,112,95,108,91,102,87,96,83,89,82,83,81,76,79,69,79,63,80,58,85,54,90,48,94,42,97,38,92,117,65,118,72,119,79,121,86,123,93,124,100,125,108,126,115,127,122,127,129,128,136,129,144,130,151,130,158,130,158,124,156,119,159,119,166,121,171,126,176,127,182,128,189,129,195,131,201,134,207,138,212,144,213,148,208,99,158,103,155,107,153,111,151,113,147,117,144,121,141,124,143,121,146,118,149,116,153,115,158,113,162,111,166,108,170,106,174,106,178,110,180,115,181,116,186,115,190,113,194,115,198,118,202,120,206,122,211,124,214,127,218,124,221,119,222
189,56,139,58,136,57,131,55,127,54,122,52,118,51,114,48,110,46,106,47,102,49,97,52,94,55,90,58,87,61,84,65,82,69,80,74,79,78,79,83,81,87,83,90,86,94,89,97,92,100,96,103,100,105,103,108,107,109,111,111,116,111,120,112,125,113,129,113,134,111,138,109,142,105,145,101,148,98,150,95,154,31,75,27,78,25,83,21,86,18,90,21,95,24,99,29,99,33,96,37,92,40,88,43,84,47,81,50,77,49,72,75,168,69,166,63,164,56,161,50,158,44,156,37,154,31,152,27,147,27,140,28,134,32,128,35,122,33,116,27,115,24,111,27,105,34,105,40,106,44,112,46,118,48,124,46,131,43,137,46,141,54,67,61,68,67,70,73,73,80,74,86,75,93,74,99,75,105,78,110,74,116,77,120,83,123,89,125,95,120,99,115,98,112,93,108,88,102,85,96,82,89,80,83,79,76,78,70,79,63,79,59,84,54,89,49,93,43,96,38,92,117,65,119,72,121,80,123,87,124,94,124,102,126,109,127,116,128,124,129,131,129,139,129,146,130,154,130,160,130,160,124,159,120,163,120,170,123,174,126,180,128,186,128,192,129,198,131,204,135,209,138,214,144,213,148,208,98,157,101,153,104,151,109,149,112,146,115,142,118,139,122,141,119,144,116,148,114,152,113,157,111,161,109,165,107,169,105,173,105,178,109,179,114,181,116,185,115,189,114,194,115,198,117,202,120,206,122,211,124,215,126,219,123,222,118,223
190,55,140,57,136,56,132,55,128,55,123,52,119,51,115,48,111,47,107,47,103,48,99,52,95,55,92,58,90,62,87,66,85,70,83,74,82,79,83,83,85,87,87,90,90,94,93,97,95,100,99,103,103,106,106,108,110,109,114,110,118,110,123,111,127,112,132,111,136,109,140,107,144,103,147,100,150,96,152,95,156,31,75,27,79,24,82,20,86,19,90,20,95,24,98,29,98,34,96,37,92,39,88,43,84,46,81,49,77,49,72,75,168,69,167,62,164,56,161,50,159,44,156,37,155,31,152,27,146,26,140,28,133,31,128,34,122,32,116,25,115,24,109,29,105,36,104,42,107,44,113,47,120,48,126,45,132,42,138,46,141,53,66,60,68,66,71,72,73,79,74,86,75,93,74,99,76,105,77,112,77,117,81,121,86,124,93,123,99,119,104,115,99,111,93,106,88,100,86,94,82,88,80,81,80,74,79,68,78,61,81,58,86,52,90,47,95,41,96,37,91,117,65,118,72,121,79,123,86,124,94,124,101,126,108,127,116,128,123,128,131,128,138,129,145,130,153,130,159,130,159,124,157,119,161,118,167,121,172,126,177,127,183,127,190,129,196,131,202,134,208,138,213,144,213,148,208,99,158,102,154,106,152,110,149,112,145,116,142,118,138,121,139,119,143,116,147,114,151,114,156,112,161,110,165,108,169,105,174,104,178,107,181,111,181,115,185,115,189,114,194,115,199,117,203,120,207,122,212,125,216,127,220,123,222,118,223
191,57,141,58,137,57,132,56,128,55,124,53,120,52,116,53,112,53,107,54,103,56,99,58,95,62,93,65,90,69,87,72,85,76,83,81,83,85,83,89,84,93,86,97,88,100,92,103,94,107,97,109,101,111,105,112,109,113,114,113,118,113,122,113,127,112,131,111,135,109,139,106,143,103,146,101,149,98,153,97,157,31,75,28,79,25,82,21,86,20,91,21,95,25,98,30,98,34,96,37,92,40,88,43,84,47,81,49,77,49,72,75,169,69,167,63,164,57,161,50,159,44,157,37,156,31,152,27,147,27,141,28,134,33,129,35,123,35,117,28,116,25,112,29,107,35,105,41,108,44,113,47,119,48,125,47,132,43,138,46,142,52,66,58,68,65,70,71,72,78,74,85,75,92,75,98,76,104,77,110,76,116,80,120,85,122,92,124,98,120,104,115,101,112,95,107,90,102,87,96,83,90,81,83,81,76,79,69,79,63,79,58,84,54,89,49,93,43,96,38,92,117,65,117,72,120,79,122,86,124,94,124,101,125,108,126,116,128,123,128,131,128,138,129,145,130,153,130,160,130,160,124,158,119,160,117,167,120,172,125,176,127,182,127,189,129,195,131,202,134,208,138,213,144,213,148,208,99,158,102,154,106,152,108,149,111,145,115,142,117,139,119,143,117,146,114,150,114,155,112,159,109,163,107,167,105,171,103,176,105,180,110,180,114,182,116,186,114,191,114,195,116,199,118,203,120,207,122,212,125,215,127,219,123,222,118,223
192,60,144,61,140,60,135,58,132,57,127,55,123,54,119,55,115,56,111,59,107,59,103,62,101,67,100,71,98,74,95,78,93,83,92,87,91,91,91,96,91,100,93,103,96,106,99,109,102,112,105,115,109,116,113,118,117,119,121,119,126,120,130,120,135,118,138,115,141,112,144,109,148,106,151,102,153,98,155,98,159,32,74,29,78,26,82,24,85,22,90,22,94,26,97,30,97,35,95,37,91,39,87,43,84,46,81,48,77,49,72,75,172,69,170,64,167,58,164,52,161,46,160,40,158,34,156,30,151,30,145,31,139,35,134,38,128,39,122,34,119,30,115,33,110,39,108,44,111,46,118,50,122,50,129,49,135,46,140,49,145,51,66,58,68,64,71,71,73,78,74,85,76,92,75,99,77,105,78,112,76,118,81,121,87,122,94,124,101,122,108,116,105,115,98,110,93,105,88,98,86,92,82,85,81,78,80,71,79,64,79,60,84,55,89,49,93,43,96,38,91,117,65,117,72,119,79,121,86,122,93,124,101,125,108,126,115,127,122,128,129,127,137,128,144,130,151,130,159,130,159,124,157,119,161,118,167,121,172,126,177,127,183,127,190,129,196,131,202,134,208,138,213,144,213,148,208,100,159,104,156,108,155,112,154,114,149,117,145,121,143,126,142,124,146,120,149,117,153,116,158,114,162,112,166,108,170,106,174,106,178,111,179,115,181,116,185,115,190,113,194,115,198,117,203,120,207,122,211,124,215,127,219,122,221,118,223
193,58,143,58,138,57,133,56,128,55,124,53,119,50,115,47,112,44,108,41,104,38,99,40,96,45,95,50,95,55,95,60,95,65,94,70,93,75,93,79,94,84,95,88,98,93,100,97,102,102,103,106,107,109,110,113,113,116,117,117,122,119,127,120,131,119,136,116,140,113,144,110,147,106,150,101,151,96,151,95,155,32,75,29,78,26,82,24,86,22,90,23,95,27,97,31,98,34,95,37,91,40,88,43,84,46,81,48,77,49,72,76,170,70,168,64,166,58,163,53,160,46,159,40,158,34,155,30,151,28,145,29,139,32,133,36,128,37,122,35,116,30,115,32,109,38,106,42,109,45,115,49,120,49,126,48,133,45,138,48,143,53,66,60,67,66,71,72,73,79,74,86,76,92,75,99,76,106,78,112,78,117,82,121,88,122,95,123,102,121,108,115,105,112,99,108,93,103,88,97,85,92,81,85,81,78,80,71,78,65,78,60,83,54,87,49,92,43,94,37,91,117,65,117,72,118,79,120,86,122,93,123,100,124,107,125,114,126,121,127,129,127,136,128,143,129,150,129,157,129,157,123,156,118,160,118,167,122,171,126,176,127,182,128,189,129,195,131,201,134,207,137,212,143,212,148,208,98,156,102,153,107,153,112,151,115,147,117,143,121,140,126,139,126,143,121,146,118,150,115,155,114,160,112,164,109,168,106,172,106,177,110,178,115,179,116,184,115,188,113,193,114,198,117,202,120,206,122,211,124,215,127,219,123,222,118,223
194,57,142,57,137,57,133,56,128,54,124,53,119,50,115,47,111,44,108,41,104,39,100,39,95,44,94,49,94,54,95,58,95,63,95,68,94,73,94,78,95,82,96,87,98,92,99,95,101,100,104,104,107,108,109,112,112,115,116,116,121,117,125,118,130,117,134,115,139,113,143,109,147,106,149,101,150,96,150,94,154,31,75,28,79,26,83,24,87,23,91,24,96,27,98,32,98,35,95,38,91,41,87,43,84,47,80,49,76,49,72,76,170,70,169,64,166,59,163,53,159,47,158,41,157,35,155,30,151,28,145,28,139,31,133,34,128,36,122,34,116,30,113,32,108,38,105,43,109,45,114,48,120,48,126,47,132,44,138,47,142,53,66,60,67,66,70,72,73,79,74,85,76,92,75,99,76,105,77,112,77,117,81,121,87,122,93,123,100,121,107,116,104,113,98,108,93,103,88,98,85,92,81,85,81,78,80,72,78,65,78,60,83,55,87,49,91,43,93,37,91,117,65,117,72,119,79,121,86,123,93,124,101,124,108,126,115,126,122,127,129,128,137,129,144,129,151,129,157,129,157,123,155,118,159,117,165,121,170,125,175,126,181,126,188,128,194,130,201,133,206,137,212,142,214,147,210,98,154,102,151,106,150,111,147,113,143,117,140,121,137,124,140,121,143,117,147,115,151,113,156,110,159,108,164,105,168,104,172,108,175,112,176,115,180,114,185,112,189,114,194,116,198,117,203,120,206,122,211,125,215,127,219,123,222,118,223
195,60,144,61,140,60,135,57,131,57,127,55,123,53,118,51,114,49,110,50,106,52,102,56,101,61,101,65,101,70,100,74,98,79,98,83,97,88,97,92,98,97,98,101,100,104,103,108,106,111,109,114,112,118,115,120,119,122,123,123,128,124,132,124,137,121,140,117,143,114,146,111,149,107,152,102,152,98,153,97,157,32,75,30,79,27,83,24,86,23,91,24,95,27,98,32,98,35,95,38,91,40,87,43,84,47,81,48,77,49,72,76,172,70,170,65,167,59,164,53,161,47,160,41,159,35,157,31,152,29,146,31,140,35,135,38,130,40,124,36,119,32,117,34,111,40,109,45,112,47,117,50,122,51,128,50,135,47,140,50,144,51,66,58,68,65,71,72,73,79,75,86,76,93,75,100,77,107,79,113,80,118,85,121,92,123,99,124,106,121,112,116,108,114,102,110,96,106,90,99,88,93,83,86,82,79,80,72,79,65,79,60,84,55,89,49,93,43,96,37,92,118,65,117,72,117,80,120,86,123,93,124,100,124,108,125,115,126,122,127,129,127,137,129,144,130,151,129,157,129,157,123,155,118,160,118,166,122,171,126,176,127,183,127,189,129,195,131,202,134,208,138,213,144,213,148,208,100,156,104,154,109,154,113,153,116,148,118,144,122,141,126,143,124,147,120,150,117,154,116,159,113,163,109,165,106,169,106,173,110,175,115,175,118,179,117,184,114,188,111,191,114,195,116,200,118,204,121,208,123,213,126,216,122,219,117,221
196,60,144,60,139,60,135,57,131,57,127,54,123,53,118,51,114,51,110,52,106,54,102,58,101,63,102,67,101,72,100,76,99,81,98,85,98,90,98,94,97,98,99,102,101,106,104,109,106,113,110,116,113,119,116,122,120,123,124,124,129,125,133,124,137,120,141,117,143,114,147,111,150,107,152,102,153,98,154,98,158,32,75,30,79,27,83,25,87,23,91,24,95,27,98,32,98,36,96,38,92,41,88,44,85,47,82,48,77,49,73,76,172,70,170,64,167,59,164,53,161,47,160,41,159,35,156,30,152,29,146,31,140,34,134,38,129,40,123,37,118,32,118,33,112,39,109,44,111,47,116,50,122,50,128,51,134,47,139,49,144,51,67,58,68,65,71,72,73,79,75,86,76,93,75,100,77,106,80,113,81,117,87,121,93,124,100,124,107,120,112,116,107,114,100,109,95,104,90,98,86,92,82,85,81,78,80,71,79,63,79,59,85,54,90,48,93,42,98,38,92,118,65,118,72,118,80,120,87,123,94,124,101,125,108,126,115,127,123,127,130,127,138,129,145,130,152,129,157,129,157,123,156,118,161,118,167,122,171,126,176,127,183,127,189,129,196,131,202,134,207,138,213,144,214,148,209,100,157,104,155,109,156,113,154,115,149,119,145,123,142,127,142,126,146,122,149,118,153,117,158,115,162,112,165,108,168,106,172,109,176,114,177,118,180,117,185,114,188,113,192,115,196,117,201,120,205,122,210,124,214,126,218,122,220,117,221
197,58,143,59,139,58,134,56,130,55,126,53,122,52,117,49,114,47,109,47,105,50,102,54,100,59,101,63,101,67,99,72,98,76,97,81,97,85,97,90,98,94,98,99,100,103,102,106,105,110,108,113,111,116,114,119,118,121,122,121,127,122,131,123,136,120,140,117,142,114,146,111,149,106,151,102,153,98,154,97,158,32,75,29,79,27,83,25,87,23,91,23,96,27,98,31,98,35,96,38,92,41,88,43,85,47,82,49,78,49,73,76,171,70,168,64,165,58,163,52,160,46,158,39,156,33,154,29,149,29,143,30,136,34,131,38,126,39,120,34,116,29,115,32,109,38,107,43,110,46,115,48,121,49,127,48,134,45,139,48,144,51,67,58,68,65,71,72,74,79,75,86,76,93,75,100,78,106,81,113,82,117,88,120,94,123,101,124,108,121,114,116,110,114,103,110,97,105,91,99,87,93,83,86,82,79,81,72,79,65,79,59,83,55,89,49,93,43,96,37,92,117,65,118,72,119,79,121,87,124,94,125,101,125,108,126,115,127,123,128,130,128,137,129,145,130,152,130,159,130,159,124,158,119,161,118,168,121,172,125,177,127,183,128,189,129,195,131,201,134,207,137,212,143,212,148,208,100,159,104,157,109,158,112,157,114,152,117,148,121,145,126,143,126,147,123,151,118,153,118,158,116,162,112,166,108,168,105,173,109,176,113,179,117,181,117,186,114,189,112,193,116,196,117,201,118,206,122,210,124,214,126,218,122,220,117,221
198,56,142,57,137,57,133,55,129,54,124,52,120,50,116,48,112,45,108,43,104,44,100,49,98,53,97,58,97,62,96,67,94,71,93,76,93,80,93,85,94,90,95,94,96,98,98,102,101,105,104,109,108,112,111,115,115,116,119,118,124,118,128,118,133,117,137,115,141,111,144,109,148,105,150,101,153,96,153,95,157,31,75,28,79,26,83,23,86,22,91,23,95,27,98,31,98,35,95,38,91,41,88,43,84,47,81,49,77,49,72,76,169,70,168,64,165,58,162,52,159,46,157,39,156,33,154,29,149,26,143,26,136,29,130,33,126,35,119,32,115,28,112,31,106,37,103,42,107,45,112,47,118,48,125,46,131,43,137,46,142,52,66,59,69,65,71,72,73,78,75,85,76,92,75,99,78,105,81,111,83,115,89,118,95,121,101,122,108,118,112,114,107,111,101,107,95,102,90,96,86,90,82,84,81,77,80,70,79,63,79,59,85,54,90,48,94,42,96,37,91,118,66,118,73,119,80,121,88,123,95,124,102,125,109,126,116,127,123,128,130,127,138,129,145,130,152,131,162,131,162,125,160,121,164,119,170,122,174,126,179,127,185,127,191,129,197,131,203,134,209,138,214,144,213,148,208,100,160,103,156,107,155,111,154,113,149,116,145,120,143,124,143,123,146,119,150,116,153,115,158,114,163,111,166,109,170,106,174,106,179,110,179,114,182,116,186,116,191,114,195,115,199,119,202,120,207,123,211,126,214,128,218,123,220,119,222
199,55,141,57,137,56,133,55,128,54,124,52,120,51,116,48,112,45,108,45,104,45,99,49,98,54,96,58,95,63,94,67,92,71,90,76,90,80,90,85,90,89,91,93,94,97,96,101,98,104,102,107,105,110,109,112,113,114,117,116,121,116,126,116,130,115,135,114,139,111,142,108,146,104,148,101,152,97,153,96,157,31,75,29,79,26,83,24,87,22,92,23,96,27,99,31,98,35,95,38,92,40,88,43,84,46,81,49,77,49,72,76,169,70,168,64,165,58,162,53,159,46,157,40,156,34,154,29,149,27,143,26,137,29,131,33,126,34,120,32,114,28,111,32,106,37,103,42,107,44,113,47,119,47,125,45,131,42,136,45,141,52,66,58,69,65,71,72,73,78,75,85,75,92,75,98,77,104,80,111,83,113,89,116,95,120,101,121,108,118,111,113,106,110,100,105,94,101,89,95,85,89,81,82,81,76,81,69,79,62,80,58,85,53,91,47,94,41,97,37,91,118,66,118,73,119,81,121,88,122,95,124,102,125,110,126,117,127,124,128,132,128,139,129,146,130,154,131,161,131,161,125,160,121,165,121,171,124,175,127,181,127,187,129,193,130,199,132,205,135,210,139,214,144,212,148,207,99,161,102,158,105,155,110,154,112,149,114,145,119,143,123,143,122,146,118,148,115,152,113,156,113,161,112,166,110,170,107,174,105,178,105,183,109,183,114,185,118,187,117,192,115,196,115,200,118,205,121,209,123,213,126,217,123,221,119,223
200,55,141,57,138,56,133,55,129,55,124,52,120,51,116,48,112,45,109,45,104,46,100,50,99,54,97,59,96,63,94,67,92,71,90,75,89,80,89,84,89,89,91,93,93,97,95,100,98,104,101,106,105,109,108,112,112,114,116,115,120,116,125,116,129,115,134,115,138,112,142,109,145,106,148,102,151,99,154,96,157,31,75,28,79,26,83,24,87,22,91,23,96,26,98,31,98,35,96,37,92,40,88,43,84,46,81,49,78,49,73,76,170,70,168,64,165,58,162,52,160,46,157,40,156,33,154,29,150,26,144,26,138,29,132,33,127,35,121,33,115,28,112,31,107,37,104,42,107,44,113,47,119,48,125,46,131,43,137,46,142,52,67,59,69,65,71,72,73,79,75,85,75,92,75,98,78,104,81,111,83,113,89,117,95,120,102,121,108,117,111,113,106,109,100,105,94,100,90,95,85,89,81,82,81,75,81,69,79,62,80,57,85,53,90,47,94,41,97,37,91,118,66,118,73,118,81,120,88,122,95,124,102,125,110,126,117,127,124,128,132,128,139,129,146,130,154,131,162,131,162,125,161,121,166,121,172,125,177,127,183,128,189,129,195,131,201,132,206,135,212,140,215,146,213,149,208,100,162,102,158,106,156,111,155,112,151,114,146,118,144,123,144,123,148,118,149,115,152,114,157,114,161,111,166,109,170,107,174,105,178,104,183,109,183,114,185,117,188,118,193,115,197,115,201,118,205,121,209,123,213,126,217,124,221,119,222
201,56,141,57,137,57,132,55,128,54,124,52,120,51,116,48,112,45,108,46,104,47,100,51,98,55,97,60,96,63,94,68,92,72,91,76,89,81,89,85,89,90,90,94,92,97,95,101,98,104,101,107,105,110,108,112,112,114,116,115,121,116,125,116,130,116,134,115,139,112,142,109,146,105,148,102,151,98,153,96,157,31,75,28,78,26,83,24,87,22,91,23,96,26,99,30,98,34,96,37,92,40,88,43,84,46,82,49,78,49,73,76,170,70,168,64,165,58,162,52,159,45,158,39,157,33,154,28,149,26,143,27,136,30,130,34,125,36,119,33,114,27,113,30,107,36,104,41,107,44,113,46,119,48,125,46,131,43,137,46,142,52,67,59,69,65,71,72,73,78,75,85,75,92,75,98,78,105,80,111,84,114,90,117,96,120,102,121,109,118,112,114,106,110,101,106,95,101,90,96,86,90,82,83,81,76,81,69,80,63,81,58,85,53,90,47,94,41,97,37,91,118,66,118,73,118,81,120,88,123,95,124,102,125,109,126,116,127,124,128,131,128,138,129,145,130,153,131,163,131,163,126,161,121,165,120,171,123,176,126,181,127,187,128,193,130,199,131,205,135,210,139,214,145,212,149,207,100,161,103,157,107,156,111,154,112,150,115,145,120,143,124,144,121,147,117,150,114,153,114,158,113,163,110,167,109,171,106,176,104,180,106,184,110,185,115,185,118,188,119,193,115,197,115,201,118,205,120,209,123,213,126,218,124,221,119,223
202,56,141,57,137,57,132,55,128,54,124,52,120,51,115,49,111,47,107,50,104,54,101,57,99,62,98,65,95,69,93,73,91,77,89,81,88,86,87,90,88,95,88,98,91,101,94,104,98,107,101,110,105,112,109,114,113,115,117,116,121,116,126,117,130,117,135,115,139,112,142,109,146,105,148,102,151,98,153,96,157,31,75,29,79,26,83,24,87,22,91,23,96,27,98,31,98,35,96,37,92,40,88,43,84,47,81,49,78,49,73,76,169,70,167,64,165,58,162,52,159,46,157,39,156,33,154,29,149,27,143,28,136,31,131,35,125,35,119,31,115,27,112,31,107,37,104,42,108,45,114,47,120,48,126,46,132,43,137,46,142,51,66,57,68,64,70,70,73,77,75,84,75,91,75,97,76,103,79,109,80,114,85,117,91,120,97,122,103,119,108,114,103,111,97,106,93,101,88,95,84,89,81,83,81,76,80,69,79,62,80,58,85,54,90,48,94,42,97,37,92,118,66,118,73,118,81,121,87,123,94,124,101,125,109,126,116,127,123,127,130,127,138,129,145,130,152,132,164,132,164,126,162,121,165,119,171,121,176,125,180,127,186,128,192,130,198,131,204,134,209,138,214,144,213,148,208,99,161,102,157,106,155,110,153,112,149,115,145,119,143,122,144,119,147,115,150,114,155,114,159,113,164,110,168,108,172,106,176,104,181,106,184,111,184,115,186,116,190,117,195,115,199,117,203,120,207,122,212,124,216,127,219,123,222,119,224
203,56,140,57,136,56,131,55,127,53,123,52,119,51,114,51,110,52,106,55,103,59,101,63,98,66,95,69,92,73,90,76,87,80,85,85,85,89,84,94,84,98,85,102,87,105,90,108,94,110,97,113,101,115,105,116,110,116,114,117,119,117,123,116,127,116,132,114,136,112,139,108,143,105,145,101,148,98,151,96,155,32,75,29,79,26,82,23,86,21,90,22,95,26,98,30,98,34,96,37,92,41,88,44,84,47,81,49,77,49,72,75,168,69,167,63,164,57,162,51,159,45,157,38,155,33,153,28,148,27,141,28,135,31,130,35,124,35,118,29,116,27,110,31,106,38,105,43,109,45,114,48,119,48,126,46,132,43,137,46,142,52,66,59,68,65,71,71,73,78,75,85,75,92,75,98,76,104,79,110,78,116,81,118,88,121,94,123,100,119,105,115,101,112,95,106,91,101,87,95,83,89,81,82,81,75,80,68,79,62,79,59,85,54,90,48,94,42,97,38,92,119,65,118,72,118,80,121,86,123,93,124,101,125,108,126,116,127,123,127,130,127,138,129,145,130,153,131,164,131,164,126,161,120,164,118,170,120,175,125,179,127,185,128,191,130,197,131,203,134,209,138,214,143,212,148,208,98,159,101,156,105,153,109,152,112,148,115,144,118,141,121,144,118,147,114,151,114,155,113,160,112,164,109,168,107,172,105,177,104,181,108,182,113,183,116,187,116,192,114,196,116,201,119,204,120,208,122,213,125,216,127,220,123,223,118,224
204,56,140,57,136,56,132,56,127,54,123,53,119,53,115,55,111,58,107,60,103,63,100,66,98,69,94,72,91,76,88,79,86,83,84,88,84,92,84,96,85,101,86,104,89,108,91,111,94,113,98,115,101,117,105,118,110,118,114,117,118,116,123,115,127,115,131,113,135,110,139,108,142,105,146,101,148,98,152,97,155,32,75,28,78,26,82,22,86,20,90,21,95,25,98,30,98,34,96,37,92,40,88,43,84,46,81,49,77,49,72,75,168,69,166,63,163,57,160,51,158,44,157,38,155,32,152,29,146,27,140,29,134,32,128,35,123,34,116,28,116,25,111,29,106,35,105,41,107,44,112,47,118,48,124,47,131,44,136,46,142,51,66,57,68,64,70,70,72,77,74,83,75,90,75,97,75,103,78,109,76,115,78,118,83,121,90,123,96,119,101,115,98,112,92,106,88,101,85,94,82,88,81,81,81,75,80,68,78,62,80,58,86,53,90,48,94,42,97,37,92,119,65,118,72,119,80,122,87,123,94,124,101,125,109,126,116,127,124,128,131,128,139,129,146,130,154,131,162,131,162,125,160,120,163,119,169,122,174,126,179,127,185,127,191,129,197,131,203,134,209,138,214,144,213,148,208,98,159,100,155,104,152,108,151,110,147,114,144,117,140,120,143,117,147,114,150,113,154,112,159,110,163,107,167,105,171,104,176,103,180,108,181,113,183,116,186,116,191,114,195,116,199,118,204,120,208,122,212,125,215,126,219,123,222,118,223
205,58,142,59,138,58,134,57,130,56,125,55,121,57,118,59,114,60,110,63,106,66,104,70,101,73,98,76,96,80,95,84,93,88,92,92,91,97,90,101,91,104,93,108,96,111,98,114,102,117,105,118,109,120,113,121,117,120,122,120,126,120,130,118,134,116,137,112,140,110,144,108,148,106,151,102,153,98,156,98,159,32,74,28,78,25,81,22,86,20,90,21,95,24,99,29,99,33,96,36,92,38,88,41,84,46,81,48,77,49,72,75,170,69,168,63,165,56,162,50,159,44,157,37,155,32,151,29,145,29,138,31,132,36,128,38,121,34,116,27,117,25,112,28,106,35,105,42,107,45,113,47,119,49,125,49,132,45,138,47,143,51,66,58,68,64,71,71,73,78,74,84,76,91,75,98,76,104,78,111,76,117,78,121,84,123,91,123,97,121,104,116,101,114,95,109,90,103,87,97,84,90,82,83,81,76,80,69,79,62,79,59,85,54,90,48,93,42,96,37,91,118,65,118,72,119,80,122,87,124,94,124,102,125,109,126,116,127,124,128,131,128,139,129,146,130,154,131,164,131,164,126,161,120,164,119,170,121,175,125,180,127,186,128,192,130,198,131,204,134,209,139,214,144,212,148,207,100,161,103,157,107,155,109,152,111,147,115,145,119,142,121,145,117,147,115,151,115,156,114,160,110,164,109,168,106,173,104,177,103,181,107,183,112,183,116,186,117,190,117,195,115,199,117,204,120,207,122,212,125,215,127,219,123,222,118,223
206,58,143,59,138,58,134,57,129,55,125,54,120,53,116,50,112,48,107,45,104,44,99,46,95,50,95,55,96,60,96,64,94,68,92,73,92,78,91,82,91,86,94,91,95,95,97,99,100,103,102,107,105,110,108,113,112,115,116,117,121,118,126,118,130,118,135,116,139,114,143,110,146,106,149,103,153,99,155,97,159,32,75,29,78,26,82,23,86,21,90,22,95,25,98,29,98,33,95,36,92,39,88,42,84,46,81,49,78,49,73,76,170,70,168,64,165,58,162,51,160,45,159,38,157,33,153,29,148,29,141,31,135,35,130,37,124,37,117,31,117,27,113,30,107,36,106,42,109,46,114,47,120,49,126,49,133,45,138,48,143,52,66,59,68,65,71,72,73,79,74,86,76,93,75,99,77,106,78,112,78,118,82,121,88,123,95,124,101,121,108,116,104,113,98,109,92,104,87,98,85,92,81,85,81,78,80,71,79,64,79,59,84,54,89,49,93,42,95,37,91,118,65,117,72,118,79,121,86,123,93,124,100,125,108,126,115,127,122,127,130,128,137,129,144,130,152,131,161,131,161,125,159,120,163,119,169,122,174,126,179,127,185,128,191,130,198,131,204,134,209,139,214,145,212,149,207,100,161,104,158,108,157,111,154,113,149,117,146,120,142,123,144,121,148,117,150,117,155,115,160,113,164,110,168,108,172,106,177,105,181,109,182,114,183,117,186,117,191,113,195,115,198,118,202,120,207,122,211,124,215,127,219,123,221,118,223
207,59,143,60,138,59,134,57,130,56,125,54,121,53,117,51,112,48,109,46,104,45,100,48,96,53,95,57,95,61,93,65,90,70,89,74,88,79,88,83,89,88,91,92,94,95,97,98,100,102,102,105,106,109,109,111,113,113,117,115,122,116,126,118,131,118,135,115,139,113,143,109,146,106,149,102,151,98,153,97,157,32,75,29,79,27,83,24,86,22,90,22,95,26,97,31,97,35,94,37,91,41,87,43,84,47,81,49,77,49,72,76,170,70,169,64,166,58,164,52,161,46,159,40,158,34,156,29,152,28,146,30,140,34,134,36,128,38,122,35,118,30,116,32,111,38,108,43,111,46,117,49,122,51,128,49,134,46,140,49,144,52,66,59,68,65,71,72,73,78,74,85,75,92,75,99,77,105,78,112,79,117,84,120,90,122,96,123,103,120,109,115,104,112,98,108,92,103,88,97,85,91,81,84,81,77,80,71,79,64,80,59,84,54,89,49,93,42,96,37,91,119,65,117,72,118,79,121,86,123,93,124,100,125,108,126,115,126,123,126,130,127,137,128,144,130,152,130,159,130,159,124,158,119,162,118,168,121,173,126,177,127,183,128,189,129,196,130,202,133,207,137,212,143,212,148,208,99,159,102,156,107,155,111,152,112,148,116,144,119,140,122,141,122,145,118,149,116,153,116,158,114,162,112,166,109,170,107,175,106,180,108,182,113,182,115,186,114,191,114,195,116,199,118,204,121,207,122,212,124,216,127,220,123,222,118,224
208,60,143,61,139,60,134,58,131,56,126,54,122,54,118,55,113,55,109,57,105,58,101,61,98,65,96,68,92,71,90,75,88,79,86,84,85,88,85,92,86,97,88,100,91,103,94,107,96,109,100,111,104,113,108,114,113,115,117,116,121,116,126,117,130,117,135,115,138,112,142,109,145,105,148,102,151,98,154,98,158,32,75,29,79,26,83,24,86,22,91,23,95,27,98,31,97,35,95,37,91,40,87,43,83,47,81,48,77,49,72,76,171,70,170,64,167,59,163,53,161,47,160,40,159,35,156,30,152,30,146,31,140,34,135,38,129,39,123,36,119,31,117,34,111,39,109,44,112,47,117,50,122,50,128,49,134,46,140,49,144,52,66,58,68,65,71,72,72,78,74,85,75,92,75,99,76,105,78,111,78,117,82,120,88,122,95,124,101,119,105,115,102,112,96,107,91,101,87,95,83,89,82,82,80,75,79,68,79,62,79,59,85,54,90,48,93,42,97,38,92,119,66,117,73,117,80,120,87,123,94,124,101,125,108,125,116,126,123,127,131,127,138,129,145,130,153,130,159,130,159,124,157,119,161,117,167,120,172,125,176,127,182,127,189,129,195,130,202,133,207,137,213,143,213,147,208,99,158,102,155,107,153,110,150,113,146,117,143,119,140,122,143,120,147,116,149,115,154,114,158,112,162,109,166,107,170,105,175,104,179,109,180,113,183,115,187,115,192,115,196,116,201,119,205,121,209,122,213,126,216,127,219,122,221,118,223
209,60,143,61,139,59,135,57,130,56,126,54,122,54,117,52,113,51,109,52,105,55,101,59,101,64,100,67,97,72,96,76,94,81,93,85,93,90,93,94,94,98,95,102,97,106,100,109,104,112,107,115,110,117,114,120,118,121,122,121,127,122,131,123,136,121,139,118,142,114,146,111,149,107,151,103,152,99,154,97,158,32,75,29,79,27,83,24,86,22,91,23,95,27,97,31,97,35,95,37,91,40,87,43,84,47,81,48,77,49,72,76,172,70,170,64,167,58,164,52,161,46,159,40,158,34,155,29,151,30,145,31,139,35,134,38,129,39,122,35,118,30,117,33,111,39,109,44,112,47,117,49,122,50,129,50,135,46,140,49,145,51,66,58,68,64,71,71,74,78,75,85,76,93,75,99,77,106,79,113,79,118,84,122,90,124,97,124,104,121,111,117,106,114,99,109,94,105,89,98,87,93,82,86,82,78,80,71,79,64,79,59,84,54,89,48,93,42,96,37,91,117,65,117,72,118,80,121,87,123,94,124,101,125,108,126,116,127,123,128,130,127,137,129,145,130,152,130,158,130,158,124,156,119,160,118,167,122,172,126,177,127,183,127,190,129,196,132,202,135,208,139,213,145,213,149,208,100,158,104,155,109,156,113,154,116,150,118,146,123,144,127,146,124,149,120,152,116,155,116,160,116,165,112,168,107,169,107,174,108,178,112,180,117,181,118,186,117,190,113,193,115,197,117,201,118,206,121,210,123,215,126,218,122,221,117,222
210,55,141,57,137,56,132,55,127,54,123,51,119,48,115,45,112,42,108,39,104,37,100,40,97,45,96,49,94,54,93,58,91,63,90,68,89,73,89,77,90,82,92,86,94,90,97,94,99,98,102,101,106,106,108,110,110,112,114,114,119,115,124,115,129,115,133,113,138,111,142,108,146,105,149,100,150,95,151,94,155,31,75,28,79,25,83,22,86,20,91,22,95,26,98,31,98,34,96,37,92,41,88,43,84,47,81,49,77,49,72,75,169,69,167,63,164,57,162,51,159,45,156,39,155,32,154,27,149,25,144,26,137,29,131,33,126,35,120,31,116,26,113,29,108,35,105,41,107,44,113,47,119,47,125,45,131,42,137,45,141,52,67,59,68,65,70,72,73,78,75,85,76,92,75,98,76,104,78,111,78,116,83,120,88,122,95,123,101,120,107,115,103,111,97,107,91,102,88,96,84,90,81,83,81,76,80,70,78,63,79,59,84,54,89,48,93,42,95,37,91,117,65,117,72,119,79,121,86,123,93,124,100,124,108,126,115,127,122,127,129,127,137,128,144,129,151,130,158,130,158,124,157,120,162,120,168,124,173,126,178,127,184,128,191,129,197,131,203,135,208,138,213,144,214,148,209,97,156,100,153,104,151,109,150,112,147,115,143,119,140,123,141,120,145,117,148,114,152,113,157,112,161,109,165,106,169,104,173,104,178,108,179,113,181,115,185,116,189,114,194,115,198,117,202,119,207,121,211,123,215,126,219,123,222,118,223
211,55,140,56,136,55,131,55,127,54,122,52,118,49,115,45,112,42,109,39,105,38,100,42,98,46,96,50,94,55,92,59,91,64,89,68,89,73,90,78,90,82,92,86,95,90,97,94,100,98,103,101,106,105,108,109,111,111,115,113,119,114,124,114,129,114,133,113,138,110,142,108,146,105,149,100,150,95,150,94,154,31,75,28,79,25,82,21,86,20,91,21,95,25,98,30,98,34,96,37,92,41,89,43,84,47,81,49,77,49,72,75,168,69,166,63,164,56,161,50,159,44,156,38,154,32,153,27,148,25,142,25,136,29,130,33,125,34,118,29,115,25,111,28,107,34,105,40,107,44,113,47,119,47,125,45,131,42,137,45,141,53,67,60,68,66,71,73,73,79,74,86,75,93,75,99,76,106,77,112,75,118,79,121,85,123,91,124,98,121,104,116,101,112,96,108,90,102,87,97,83,90,81,83,81,77,79,70,78,63,78,59,83,54,88,49,92,43,94,37,91,118,65,117,72,120,79,122,86,124,94,124,101,125,108,126,116,127,123,128,131,128,138,129,145,130,153,130,159,130,159,124,158,120,162,120,169,123,173,126,179,126,185,128,191,130,197,131,203,135,208,138,213,144,213,147,208,99,157,101,153,104,150,109,149,112,145,115,142,119,141,120,145,116,147,112,150,112,155,112,160,109,163,105,166,103,170,102,175,104,178,109,179,113,181,116,185,114,189,113,193,115,197,117,202,119,206,121,210,124,214,126,218,123,221,118,222
212,59,142,60,138,58,134,57,129,55,125,54,121,54,116,53,112,51,108,51,103,54,100,58,98,62,96,66,93,70,90,74,88,78,87,83,87,87,88,92,89,96,91,99,94,103,97,105,100,108,104,111,107,113,111,115,115,117,120,117,124,118,128,119,133,117,137,114,140,112,144,109,148,105,150,101,152,97,154,97,158,32,75,28,78,25,83,22,86,19,90,21,95,24,98,29,98,34,96,37,92,40,88,43,84,47,81,49,77,50,72,76,169,69,168,63,165,57,162,51,159,45,157,38,156,32,153,27,148,28,142,29,135,33,130,37,124,37,118,30,117,25,114,28,108,34,106,40,108,45,112,47,119,49,125,48,131,45,137,47,143,52,66,59,68,65,70,72,72,78,74,85,75,92,76,98,76,105,78,111,78,117,82,120,88,122,95,123,101,119,106,115,102,113,96,108,91,102,87,96,84,90,82,83,81,76,80,69,79,62,79,58,85,54,90,48,94,42,96,37,92,118,65,118,72,118,79,120,86,123,93,124,100,125,107,126,115,126,122,126,129,128,136,129,144,129,151,130,160,130,160,124,158,119,162,118,169,121,174,126,178,127,185,129,191,130,198,132,204,135,210,140,214,146,212,150,207,100,159,104,156,108,155,111,152,113,147,117,144,121,143,125,145,121,147,117,150,116,154,115,159,113,164,111,167,108,171,106,175,106,180,111,180,116,181,117,186,115,190,113,194,115,198,118,202,120,206,122,211,124,215,127,218,123,221,119,223
213,58,140,59,136,58,131,56,127,55,122,52,118,51,114,49,110,48,105,49,101,51,96,54,93,58,90,61,86,64,83,68,80,72,79,77,79,81,80,86,81,90,84,93,86,97,90,101,93,103,97,105,101,108,104,111,108,112,113,113,117,114,122,115,126,115,131,114,136,112,140,109,143,105,145,102,148,98,150,96,154,32,75,28,78,26,82,22,86,20,90,21,95,25,98,29,98,33,95,36,92,40,88,42,84,46,81,49,77,49,72,75,168,69,166,63,164,57,161,50,159,44,157,38,155,32,152,28,147,28,140,30,134,34,129,36,123,35,117,28,116,26,111,30,106,36,105,42,108,45,114,48,120,49,126,46,132,44,138,47,142,53,67,60,68,66,70,72,72,79,74,86,75,92,75,99,76,105,77,111,76,116,80,120,86,123,92,124,99,119,103,114,99,111,93,106,88,100,85,95,82,88,80,82,79,75,78,68,79,62,79,58,85,54,90,48,94,43,97,38,92,118,65,119,72,120,80,122,87,124,94,124,102,125,109,127,116,128,124,128,131,128,139,129,146,130,154,130,159,130,159,124,157,119,161,118,167,121,172,126,177,127,183,127,190,129,196,131,202,134,208,138,213,144,213,148,208,98,158,102,155,105,153,109,150,110,146,114,143,117,140,121,139,120,144,117,147,115,151,114,156,112,160,111,165,108,169,107,173,106,178,108,180,113,181,115,185,115,190,114,195,116,199,118,204,120,208,122,212,125,216,127,220,123,222,118,223
214,60,142,60,137,59,133,57,129,56,125,53,121,53,116,52,112,50,108,50,103,52,99,56,97,60,95,64,92,67,89,71,87,76,86,81,86,85,87,90,88,94,91,97,94,100,97,104,100,107,103,111,106,113,110,115,114,117,118,117,122,118,127,120,131,119,136,116,139,113,143,110,146,106,149,102,150,98,152,97,156,32,75,29,78,26,83,22,86,20,90,21,95,24,98,29,98,33,97,36,92,39,88,42,84,46,81,49,78,50,73,76,169,69,168,63,165,57,162,51,159,45,157,38,156,32,153,29,147,29,140,32,134,36,129,37,122,35,117,28,117,26,112,30,106,37,106,43,109,46,114,48,120,50,127,48,133,45,139,48,144,52,66,59,68,65,70,72,72,78,74,85,75,92,75,99,76,105,78,112,78,116,83,120,88,122,95,123,102,120,107,115,103,112,97,108,92,102,88,97,84,90,82,84,81,77,79,70,79,63,79,59,85,55,90,49,93,43,96,37,92,118,65,117,72,118,80,122,86,124,93,124,101,125,108,126,116,127,123,127,130,128,138,129,145,130,153,130,158,130,158,124,156,119,160,118,166,121,171,126,176,127,183,127,189,129,196,130,202,134,207,138,213,144,213,148,208,99,158,103,155,107,153,111,150,113,146,117,143,120,139,123,141,121,145,117,148,117,153,115,158,113,162,110,166,108,171,106,175,105,180,110,180,115,182,117,186,115,190,113,195,116,199,118,203,121,207,122,212,124,216,127,220,123,222,118,224
215,60,142,60,138,59,133,58,129,56,125,55,121,56,116,58,113,58,108,59,104,61,100,65,98,68,95,71,91,75,89,79,87,83,86,88,86,92,87,97,88,100,90,104,93,107,96,110,99,113,103,116,106,117,111,119,115,119,119,119,124,120,128,120,132,118,137,115,140,112,143,109,147,106,150,103,152,99,154,98,158,32,75,29,79,25,83,22,86,20,91,21,96,25,98,30,98,34,96,36,91,39,87,42,83,47,81,49,77,49,72,75,170,69,169,63,166,57,163,50,160,44,158,37,157,32,153,29,147,29,140,31,134,36,129,38,123,36,118,29,118,26,114,29,108,36,106,42,109,46,114,48,120,50,126,49,133,46,139,49,144,52,66,58,68,65,71,71,72,78,74,85,75,92,75,98,76,104,78,111,77,117,81,119,87,122,93,123,100,119,104,115,101,111,95,107,90,101,87,95,83,89,82,82,80,75,79,69,79,62,79,59,85,54,90,48,94,42,96,37,92,118,65,117,72,117,80,120,87,122,93,123,101,125,108,126,115,127,123,128,130,128,137,129,144,130,152,130,158,130,158,124,157,119,162,119,168,122,173,126,178,128,185,128,191,129,197,131,203,134,209,138,214,144,213,149,208,99,159,102,156,107,154,111,152,113,147,116,144,119,140,122,141,122,146,118,149,116,153,116,158,114,163,112,167,110,171,107,175,105,179,108,182,113,182,115,186,115,191,113,195,115,199,118,203,120,207,122,212,124,216,127,220,123,222,118,224
216,60,144,61,140,60,135,58,131,56,127,54,123,53,119,52,114,54,111,56,107,59,103,63,102,67,101,71,99,75,97,79,95,84,94,88,94,93,94,97,94,101,95,105,98,108,101,111,104,114,108,117,112,119,115,121,119,122,124,123,128,124,133,124,137,121,140,117,143,114,146,111,149,107,151,103,152,99,155,98,159,32,74,29,78,26,82,24,86,21,90,22,94,25,98,30,98,33,95,36,92,39,88,42,84,46,81,48,77,49,72,75,172,69,170,63,167,58,164,52,161,45,160,39,158,34,155,29,150,30,144,31,138,35,133,39,128,39,122,34,119,29,116,32,110,38,108,44,110,46,116,49,122,50,128,49,134,46,140,49,144,51,66,58,68,65,71,72,73,79,74,86,76,93,75,100,78,107,78,114,79,119,84,122,90,124,97,125,105,122,111,117,107,115,100,110,94,105,89,99,87,93,82,86,82,78,80,71,79,64,79,59,84,55,89,48,93,42,96,37,91,118,65,117,72,118,80,121,87,124,93,125,101,125,108,126,115,127,123,128,130,127,137,128,145,130,152,130,160,130,160,124,158,119,162,117,168,120,173,125,177,127,183,127,190,129,196,131,202,134,208,138,213,144,213,148,208,99,158,104,157,109,156,112,154,115,150,119,146,123,144,126,147,123,151,119,153,116,156,116,161,114,166,110,168,106,171,107,176,109,180,113,180,117,183,118,188,116,192,113,195,116,199,117,203,120,208,122,212,125,216,126,219,122,222,117,223
217,57,142,58,137,57,133,56,128,54,123,53,119,50,115,47,111,43,107,40,104,38,99,41,96,46,95,50,95,55,96,60,96,65,95,70,94,75,94,79,95,84,96,89,98,93,100,98,102,102,104,106,107,110,110,114,113,116,117,118,122,119,126,120,131,119,136,116,140,113,144,110,147,106,151,101,151,96,151,94,155,32,75,29,78,28,83,25,86,23,90,23,95,27,98,31,98,35,95,38,92,41,88,43,84,47,81,49,78,49,73,76,170,70,168,64,165,58,163,52,160,46,158,39,157,33,154,28,150,27,144,28,138,31,132,35,127,38,121,36,115,29,115,32,110,37,106,42,109,45,114,47,120,48,127,47,133,44,138,47,143,52,66,59,68,65,71,71,73,78,74,85,76,92,76,98,76,105,77,112,77,117,81,120,87,122,94,123,100,120,107,115,103,111,98,108,92,102,88,97,84,91,81,84,81,77,80,71,78,64,78,59,83,54,88,49,92,43,94,37,91,117,64,117,71,119,79,121,86,123,92,124,100,125,107,125,114,126,122,127,129,127,136,128,144,130,151,129,158,129,158,124,157,119,161,119,167,122,172,126,177,127,183,127,190,129,196,130,202,134,207,138,212,143,214,147,209,98,157,102,154,107,154,111,151,113,146,116,142,121,140,124,143,120,146,117,150,115,155,113,159,112,164,109,168,105,171,104,176,108,179,113,180,117,183,117,188,114,191,113,195,116,199,118,204,120,208,122,213,125,217,127,220,123,222,118,224
218,57,142,58,137,57,133,56,129,55,124,53,120,51,115,48,112,45,108,42,104,41,100,43,96,48,95,53,95,57,96,62,97,67,96,71,96,76,96,81,96,85,98,90,99,94,100,98,103,103,105,106,108,110,110,113,114,116,118,117,123,118,127,119,132,118,136,115,140,112,144,109,148,106,151,101,151,96,151,95,155,32,75,29,78,27,83,24,86,23,91,24,95,27,98,32,97,35,95,38,91,41,87,44,84,47,81,49,77,49,72,76,171,70,169,64,166,59,163,53,160,47,158,40,157,34,155,29,151,27,145,27,139,30,133,34,129,36,122,35,116,29,115,32,109,37,106,42,109,45,115,48,120,48,127,47,133,44,138,47,143,52,66,59,68,65,71,72,73,79,74,85,76,92,75,99,76,106,78,113,77,118,81,121,87,123,94,123,101,121,108,116,104,113,97,109,92,104,87,97,85,92,81,85,81,78,80,71,79,64,78,60,83,55,88,49,91,43,94,37,91,118,64,118,71,119,78,121,85,123,92,123,100,125,107,126,114,126,121,127,128,127,136,128,143,129,150,129,158,129,158,123,156,118,161,117,167,121,172,126,176,127,182,127,189,129,195,131,202,134,208,138,213,144,213,148,208,99,156,103,153,107,151,110,147,113,144,117,140,120,137,122,140,119,144,117,148,115,153,113,157,110,161,107,165,105,169,104,173,106,177,111,178,115,181,115,185,113,189,114,194,116,198,118,203,120,207,122,211,124,215,127,219,122,221,118,223
219,59,144,60,140,59,135,58,131,56,127,54,123,53,119,52,114,52,111,53,106,55,103,59,101,64,102,68,101,72,100,77,99,81,99,86,98,90,98,95,97,99,98,103,100,106,103,110,106,113,109,116,112,119,116,122,120,123,124,124,128,124,133,124,137,121,140,117,144,114,147,111,150,107,151,102,152,98,155,98,158,32,75,30,79,27,83,25,87,23,91,24,95,27,98,32,97,35,95,38,91,40,87,43,84,47,81,48,77,49,72,76,172,70,171,64,168,59,164,53,161,47,159,41,159,35,157,30,152,29,146,31,139,34,134,38,129,40,122,37,118,32,117,35,111,40,108,45,112,47,117,50,122,51,129,49,135,45,140,49,144,51,66,58,68,65,71,71,73,78,75,86,76,93,75,99,78,106,78,113,79,117,85,121,91,123,98,123,106,121,112,117,108,114,101,110,95,105,90,99,87,93,83,86,82,79,80,72,79,64,79,60,84,55,89,49,93,43,96,37,92,118,65,117,72,118,79,121,86,123,93,124,100,125,108,125,115,126,122,127,129,127,137,129,144,130,151,130,158,130,158,124,157,119,161,118,168,122,173,127,177,127,183,128,190,130,196,131,202,134,208,138,213,144,211,149,207,100,158,105,156,109,157,113,154,116,150,119,146,123,144,127,144,125,148,121,151,118,155,117,160,114,164,110,167,107,171,107,175,111,178,116,179,118,183,118,188,113,190,112,193,115,197,117,202,119,207,122,210,125,214,126,218,122,220,117,222
220,59,144,60,139,59,135,57,131,55,127,54,122,52,118,50,114,48,110,48,105,51,102,55,101,60,102,64,102,69,100,73,100,78,98,82,98,87,98,92,99,96,99,101,101,104,103,108,106,112,109,115,112,118,116,121,119,123,124,124,128,124,133,124,137,121,141,117,144,114,147,111,150,106,152,102,153,97,154,97,158,32,75,29,79,28,83,25,87,23,91,24,95,27,98,31,98,35,95,38,92,41,88,44,85,47,82,48,77,49,73,76,172,70,170,64,167,58,164,52,161,46,160,40,159,34,156,29,152,28,145,30,139,34,134,38,129,39,122,36,118,31,117,33,111,39,109,44,112,46,117,49,122,50,128,50,134,46,139,49,144,51,67,58,68,65,71,72,73,79,75,86,76,93,75,99,78,106,80,113,80,118,86,121,92,123,99,124,106,120,112,115,107,113,100,109,94,104,89,98,86,92,82,85,81,77,80,70,79,63,80,59,85,54,90,48,93,42,98,38,92,118,65,118,72,119,80,122,87,123,94,124,101,125,108,126,116,127,123,128,130,127,138,129,145,130,152,129,158,129,158,123,156,118,160,118,167,121,172,126,176,127,183,127,189,129,196,131,202,134,208,138,213,144,213,148,208,100,159,104,156,109,157,112,155,115,150,118,147,122,144,127,144,125,148,121,151,117,154,116,159,114,163,110,166,107,170,105,174,108,178,113,179,117,181,117,186,114,189,112,193,115,197,117,202,119,206,122,210,125,214,126,218,122,220,117,221
221,56,142,57,137,56,133,55,128,54,123,53,119,50,115,46,111,44,107,41,103,38,99,41,96,46,95,51,95,55,96,60,96,65,96,70,95,75,96,80,96,84,96,88,99,93,99,98,101,102,103,106,107,109,110,113,112,116,116,118,121,119,126,120,130,119,135,117,140,114,143,111,147,106,149,102,151,97,152,95,156,32,75,29,79,27,83,24,87,22,91,23,95,26,98,31,99,34,96,38,92,40,89,43,84,46,82,49,78,49,73,76,169,70,167,64,164,58,161,52,158,46,157,39,156,33,154,29,149,26,143,27,136,29,130,34,125,35,119,33,114,28,111,31,106,37,104,42,107,44,114,48,119,47,125,46,132,43,137,46,142,52,67,59,69,65,71,72,73,78,75,85,76,92,76,98,78,105,80,112,81,116,87,119,93,121,99,122,106,120,111,115,107,111,101,107,95,102,91,97,86,91,82,84,82,78,80,71,79,64,79,59,84,54,89,49,93,43,95,37,91,117,65,118,72,119,80,121,87,123,94,124,101,125,108,126,116,127,123,128,130,127,137,129,144,130,152,130,159,130,159,124,157,119,161,117,168,121,172,126,176,127,183,128,190,129,196,131,202,134,208,138,214,144,213,149,208,100,158,104,156,109,157,112,153,113,148,117,145,122,143,127,144,124,147,120,150,117,153,117,158,114,162,110,165,107,169,104,173,107,176,112,177,116,180,116,185,114,190,113,194,116,198,118,202,120,207,123,211,127,214,127,219,123,221,118,222
222,55,141,56,136,56,131,54,127,53,122,51,118,49,114,46,110,42,106,40,102,38,98,42,96,46,94,51,94,56,94,61,94,65,91,69,91,74,91,79,91,84,92,88,95,92,96,97,98,100,102,104,104,107,108,111,111,114,115,116,120,117,124,117,129,116,134,115,138,112,142,109,146,106,149,101,151,97,152,94,156,31,75,28,78,26,83,24,87,23,91,24,96,27,99,32,99,35,96,37,92,40,89,42,85,46,81,49,78,49,73,76,168,70,167,63,164,58,161,52,158,45,157,39,155,33,153,28,148,25,142,26,136,29,130,33,124,34,118,31,113,27,110,30,105,36,103,41,107,43,113,47,118,46,125,45,131,42,137,45,141,52,67,59,69,65,71,72,73,78,75,85,76,92,76,98,78,104,81,111,83,114,88,117,95,120,101,121,108,117,112,113,106,109,101,105,96,101,90,95,86,90,81,84,81,77,81,70,79,63,80,59,85,54,89,48,93,42,95,37,91,117,66,118,73,119,80,121,88,123,95,124,102,125,109,126,116,127,124,128,131,128,138,129,145,130,153,130,160,130,160,124,159,119,163,119,169,123,174,126,179,127,185,128,191,129,197,131,203,134,208,138,213,143,211,148,207,99,159,103,156,107,154,111,152,114,148,118,145,122,143,126,146,122,149,118,151,115,155,115,159,113,164,111,168,108,172,105,175,105,180,110,180,114,182,116,186,116,191,114,195,116,199,119,203,120,207,123,211,126,215,128,219,124,222,119,223
223,55,140,56,135,56,131,54,126,53,122,52,117,49,113,46,110,44,106,41,102,41,97,45,96,50,94,54,93,59,92,62,89,67,88,72,87,76,87,81,88,86,90,90,92,94,94,98,97,101,100,105,103,108,107,111,110,113,114,115,119,116,123,116,128,116,133,115,137,113,141,110,145,106,148,102,150,98,152,95,156,32,75,28,78,26,82,24,86,22,90,22,95,26,99,30,99,34,96,37,92,40,89,42,85,46,81,49,78,49,73,76,168,70,167,64,164,58,161,52,158,46,157,39,156,33,153,29,149,26,143,26,136,29,130,33,125,34,119,32,114,28,110,31,105,37,103,42,107,44,113,47,118,47,125,44,131,42,137,45,141,51,66,57,68,64,70,70,72,77,75,84,76,90,76,97,78,103,80,110,83,113,88,115,95,119,100,120,107,117,112,112,108,109,102,105,96,100,91,95,86,90,82,83,81,76,80,70,79,63,79,58,84,54,89,48,93,42,96,37,92,117,66,119,73,119,80,120,87,122,94,124,101,125,109,126,116,127,123,128,130,128,137,129,145,130,152,130,161,130,161,124,161,120,164,121,170,125,175,127,181,127,187,129,192,130,198,131,204,135,209,139,213,145,211,149,207,100,160,102,156,106,154,110,153,113,148,116,144,120,143,125,144,125,147,120,147,116,149,113,153,114,158,113,163,109,166,107,170,106,175,104,179,108,181,113,182,116,186,117,191,115,195,115,199,118,204,121,208,123,212,126,216,123,220,119,222
224,55,141,57,137,56,132,55,128,54,123,52,119,51,115,48,111,45,107,43,103,45,99,49,97,53,95,58,93,62,91,66,89,70,87,75,86,80,86,84,88,88,90,93,91,97,94,100,97,103,100,107,104,109,107,112,111,114,115,115,120,116,125,116,129,116,134,116,138,113,142,110,146,106,148,102,151,98,153,96,157,31,75,29,79,26,83,23,86,22,91,23,95,26,98,31,98,35,96,37,92,40,88,43,85,46,81,49,78,49,73,75,168,69,166,63,164,57,161,51,158,45,157,39,156,33,153,29,148,26,142,26,136,29,130,33,125,34,119,31,114,27,110,31,105,37,104,42,107,43,113,47,119,47,125,45,131,42,137,45,141,52,67,59,69,65,71,72,73,78,75,85,76,92,76,98,78,105,80,110,84,113,90,115,97,119,102,120,109,117,112,112,107,108,101,104,96,100,90,95,86,89,82,83,81,76,80,69,79,62,80,58,85,53,90,47,93,41,97,37,92,117,66,117,73,118,80,120,87,122,94,124,101,125,108,126,115,127,122,128,129,128,137,129,144,130,151,130,161,130,161,125,161,121,166,121,172,125,176,127,182,127,188,129,194,130,200,132,206,136,210,140,214,145,212,149,207,100,161,103,157,107,156,111,153,112,149,115,145,120,144,125,145,123,147,118,148,115,152,114,156,114,161,112,166,109,169,108,174,106,178,106,182,111,184,116,185,118,189,118,194,114,197,116,201,118,206,122,209,125,213,127,218,124,221,119,222
225,56,141,57,137,56,132,55,128,54,123,52,119,50,115,47,111,46,107,46,102,49,99,53,97,57,96,61,93,65,91,69,88,73,87,78,86,82,86,87,87,91,88,95,91,99,94,102,97,105,101,108,104,110,108,112,112,115,116,116,120,116,125,117,130,117,134,116,139,113,142,110,145,106,147,102,151,99,153,96,157,31,75,29,79,27,83,24,87,22,91,23,95,27,98,31,98,35,95,37,92,41,88,43,84,46,81,49,78,49,73,76,169,70,166,64,164,58,162,52,159,45,157,39,156,33,153,29,149,26,142,27,136,30,130,34,125,36,119,32,114,28,111,32,106,38,104,43,108,44,114,47,119,47,125,46,132,43,137,46,142,51,67,58,68,64,70,71,73,78,75,84,75,91,75,97,78,104,80,110,83,114,88,116,95,120,101,121,107,117,112,113,107,110,101,106,95,101,90,96,86,90,82,83,81,76,80,70,79,63,80,58,85,54,90,48,94,42,97,37,92,118,66,118,73,118,81,120,88,122,95,124,102,125,110,126,117,127,124,128,132,128,139,129,146,130,154,132,163,132,163,127,161,122,164,121,171,123,176,126,181,128,187,129,193,130,199,131,205,135,210,139,214,145,211,149,207,99,162,102,159,105,156,110,155,111,150,113,146,118,145,123,145,122,148,117,150,114,153,114,158,114,163,112,167,109,171,107,176,106,180,107,184,111,184,116,186,118,190,117,195,115,198,117,202,119,207,122,210,124,215,127,219,124,222,119,223
226,57,140,57,136,56,131,56,127,54,122,53,118,51,114,50,109,50,105,52,101,56,99,60,97,64,94,67,91,71,88,75,86,79,85,84,83,88,83,93,84,97,85,101,88,104,92,107,95,109,99,111,103,113,107,115,111,116,116,117,120,117,125,117,129,118,134,116,138,114,141,110,144,106,146,102,149,99,151,96,155,32,75,29,79,26,83,23,86,21,91,22,95,26,98,31,98,35,96,37,92,40,88,43,84,46,82,49,78,49,73,76,168,70,166,64,164,58,162,52,159,45,157,39,156,33,154,29,149,27,142,28,136,31,130,34,125,36,119,31,115,27,112,31,106,37,105,42,108,44,114,48,119,48,126,46,132,43,137,46,142,52,66,58,68,65,70,71,72,77,74,84,75,91,75,97,75,103,79,109,78,114,82,117,88,120,94,122,101,118,105,113,102,111,95,105,91,100,87,95,83,89,81,82,81,75,80,69,79,62,80,58,85,54,90,48,94,42,97,38,92,118,65,118,72,119,80,121,87,123,93,124,101,125,108,126,115,127,123,128,130,128,137,129,145,130,152,132,164,132,164,126,162,121,164,119,170,120,176,125,179,127,185,128,191,130,197,131,203,133,209,137,213,143,211,148,207,99,160,102,156,106,154,110,152,112,148,116,145,120,143,123,145,118,147,115,151,114,155,114,160,113,164,110,168,108,172,105,176,104,181,108,182,112,183,116,186,117,190,115,195,115,199,118,203,120,207,122,211,125,215,127,219,124,222,119,223
227,57,140,58,136,57,132,57,127,55,123,54,119,53,115,55,110,57,106,59,103,62,100,65,97,68,93,72,91,75,87,78,85,83,84,87,84,92,83,96,84,100,86,103,89,107,91,110,94,112,98,115,101,117,105,117,110,117,114,117,119,117,123,116,127,116,132,114,136,111,139,108,143,105,146,102,149,99,152,97,156,32,75,28,78,26,82,22,86,20,90,21,95,25,98,30,98,34,96,37,92,40,88,43,84,46,81,49,77,49,72,75,168,69,166,62,164,56,161,50,159,43,157,37,155,31,151,27,146,27,139,30,133,33,127,36,122,35,116,28,116,25,112,29,106,35,105,41,108,44,113,47,119,49,125,47,131,44,137,47,142,52,66,58,68,65,70,71,72,78,74,84,75,91,75,98,75,103,78,109,75,115,79,118,84,121,90,123,97,119,101,114,98,111,92,106,88,100,85,94,82,88,81,81,81,75,80,68,78,62,80,58,85,54,91,48,94,42,97,38,92,119,65,118,72,120,80,123,87,125,94,125,102,126,109,127,117,128,124,128,132,128,140,130,147,130,154,131,163,131,163,126,161,121,164,120,170,123,175,125,180,127,186,127,191,130,197,131,203,133,208,137,212,143,212,147,208,99,160,101,156,105,153,109,151,112,147,115,144,119,142,121,145,117,147,114,150,113,155,114,159,112,163,110,168,107,172,104,175,103,180,108,181,112,183,116,185,116,190,115,195,115,199,117,203,120,207,122,211,125,215,127,218,123,221,119,223
228,58,143,59,139,59,134,57,131,56,126,56,122,57,118,61,116,62,112,63,108,67,105,70,102,73,99,76,97,80,95,85,94,89,92,93,91,97,90,101,91,105,93,109,95,112,98,114,102,118,105,119,109,121,113,121,117,120,122,121,126,121,130,119,134,116,138,113,140,110,144,109,148,107,152,103,154,99,156,99,160,32,74,28,78,26,82,22,86,20,90,21,95,24,99,29,99,33,97,36,93,39,89,42,85,46,81,48,77,49,72,75,171,69,168,63,165,56,162,50,160,44,157,37,156,31,152,29,146,29,139,32,133,37,128,39,122,36,116,30,118,26,114,28,108,34,105,40,108,44,113,48,119,50,125,49,132,46,138,48,144,50,66,57,68,63,71,70,73,77,75,84,76,91,76,98,76,104,78,111,76,117,78,120,84,122,91,124,98,121,104,116,101,114,95,109,90,103,88,97,84,91,82,84,81,77,80,70,79,63,79,59,86,54,90,48,93,42,97,37,92,118,66,117,73,119,80,121,87,123,95,125,102,125,109,126,117,127,124,128,132,128,139,129,146,130,154,132,163,132,163,126,161,121,165,119,171,122,176,126,180,128,186,128,192,130,198,131,205,135,210,139,214,144,211,149,207,100,160,103,157,107,155,111,152,113,148,117,145,121,143,124,144,120,147,117,150,115,154,115,158,113,163,110,166,109,171,106,174,104,179,107,182,111,183,115,185,117,190,116,194,115,199,117,203,119,207,122,211,125,215,127,219,123,222,119,223
229,59,144,60,139,60,135,58,130,56,126,55,121,55,116,52,112,51,108,48,104,46,100,48,96,52,97,57,97,62,97,65,94,70,93,75,93,80,92,84,93,89,94,93,95,97,98,101,101,105,104,109,107,112,110,115,115,117,119,119,123,119,128,119,133,119,137,117,142,114,145,109,147,106,151,104,155,100,157,98,161,32,75,29,78,26,83,23,86,21,90,21,95,25,98,30,99,34,96,37,92,40,89,42,85,46,82,49,78,49,73,76,170,70,168,64,165,58,162,52,159,45,158,39,156,33,153,28,148,29,142,30,136,34,130,38,125,39,118,33,117,28,115,30,109,36,106,42,109,45,114,48,120,50,126,49,133,45,138,48,143,52,66,59,68,65,71,71,74,78,75,85,76,92,75,99,76,105,78,112,77,117,81,121,87,123,93,124,100,121,106,116,103,113,97,109,91,104,88,98,84,92,81,85,81,78,80,71,79,64,79,59,84,55,89,49,93,43,96,38,91,118,65,118,72,119,80,122,87,124,94,124,101,125,109,126,116,127,124,128,131,128,139,129,146,130,154,131,163,131,163,125,161,120,165,118,171,122,175,126,180,128,186,128,193,130,199,131,205,135,210,139,214,144,211,149,207,101,161,105,158,110,158,112,155,114,150,118,148,122,144,125,146,122,150,118,152,117,157,117,162,114,165,110,169,108,173,106,178,105,182,109,182,114,182,117,186,117,191,115,194,115,199,117,203,119,208,122,212,125,216,127,220,123,222,118,223
230,59,143,61,139,60,134,58,130,57,126,55,121,53,117,51,113,48,109,46,105,46,100,49,96,53,96,58,95,62,93,66,91,71,89,75,88,80,88,84,90,89,92,93,93,96,97,100,100,104,103,106,106,110,110,112,114,114,118,115,123,116,127,117,132,118,136,115,140,113,144,109,147,105,150,102,152,98,154,97,159,32,75,29,79,27,83,25,86,23,90,24,95,27,98,31,97,35,94,38,91,41,88,43,84,47,81,49,77,49,73,76,171,70,169,64,166,59,163,53,161,47,159,40,158,34,156,29,152,28,146,29,140,32,134,36,130,38,124,37,118,31,116,33,111,39,108,44,111,46,117,49,122,50,128,48,134,45,139,48,143,52,67,59,68,65,71,72,74,78,75,85,76,92,75,99,77,105,78,112,79,117,83,121,89,124,96,124,103,120,108,116,104,113,98,109,92,103,88,97,85,91,82,84,81,78,80,71,79,64,79,59,84,55,89,49,93,43,96,38,92,119,66,117,73,118,80,122,87,124,94,124,102,125,109,126,117,127,124,128,131,128,139,129,146,130,154,131,161,131,161,125,159,120,162,119,169,122,174,126,179,127,185,128,191,130,197,131,204,135,209,139,214,145,212,149,207,99,160,103,157,107,156,110,153,112,148,116,145,119,141,122,143,121,147,117,151,116,155,115,160,113,164,110,168,108,173,106,177,105,182,109,182,113,182,115,187,116,191,114,196,116,200,119,204,120,209,122,213,126,217,127,220,123,222,118,224
231,60,142,61,138,60,133,58,129,57,125,55,121,54,117,55,112,55,108,57,104,59,100,61,97,65,94,68,91,72,88,75,86,80,84,84,84,89,84,93,85,97,87,100,90,103,93,106,97,109,101,111,104,113,108,113,113,115,117,115,121,116,126,117,130,117,135,115,139,112,142,109,145,105,147,102,151,98,154,98,158,32,75,30,79,28,83,25,86,23,91,24,95,27,98,32,97,35,95,38,91,41,88,43,84,47,82,49,78,49,73,76,171,70,169,64,166,59,163,53,160,46,159,40,159,34,156,30,151,30,145,32,139,35,134,39,129,41,122,38,118,32,118,34,112,39,109,45,112,47,117,51,122,51,128,51,134,47,139,50,144,52,66,58,68,65,70,71,72,78,74,85,75,91,75,98,75,104,78,110,77,116,80,119,86,122,92,124,98,119,103,115,100,112,94,107,90,101,86,95,83,88,81,82,81,75,80,68,78,62,80,59,86,54,90,48,94,42,97,38,92,119,65,117,72,118,79,122,86,124,93,124,100,125,108,126,115,126,123,127,130,128,138,128,145,130,153,131,161,131,161,125,158,119,160,116,166,119,173,125,176,127,182,127,189,129,196,131,202,135,208,138,214,144,212,149,207,99,159,102,155,106,154,109,151,111,147,115,144,117,140,120,142,119,147,116,150,115,155,113,159,111,164,109,168,107,172,105,177,104,181,109,181,113,182,116,186,115,190,113,195,116,199,118,203,120,207,122,212,124,216,127,220,123,222,118,224
232,61,144,61,139,59,135,59,131,56,127,54,123,54,118,53,114,52,109,52,105,55,101,59,101,64,101,68,98,72,96,76,95,81,93,85,93,90,94,94,94,98,95,102,98,106,101,109,104,112,108,115,111,117,115,120,119,121,123,122,128,123,132,124,136,121,140,118,143,114,146,112,149,107,151,103,152,99,154,98,158,32,75,30,79,27,83,25,87,23,91,24,95,27,98,32,98,35,96,38,92,41,88,43,85,47,82,48,77,49,73,76,172,70,171,64,168,59,164,53,161,47,159,41,159,35,157,30,153,28,147,31,141,33,135,38,130,40,124,39,118,33,118,33,113,38,109,43,111,47,116,49,121,50,128,51,134,47,139,49,144,51,66,58,68,65,71,71,73,79,75,86,76,93,75,100,77,107,79,114,78,118,84,122,90,124,97,125,104,121,110,117,106,115,99,110,93,105,89,98,86,93,82,85,81,78,80,71,79,64,79,59,85,55,90,49,94,43,97,38,92,117,65,117,72,118,79,120,87,123,93,124,101,125,108,126,115,127,122,128,130,127,137,128,144,130,151,130,159,130,159,124,157,119,160,118,167,121,172,126,176,127,182,128,189,129,195,131,202,134,207,138,212,144,212,149,208,99,159,103,156,108,157,113,155,115,151,118,147,122,144,126,145,126,150,121,152,117,154,115,159,115,164,112,168,108,170,106,174,107,179,111,181,116,182,118,186,118,191,113,192,114,196,116,201,118,206,121,210,123,214,126,218,122,221,117,222
233,56,141,57,136,55,132,55,127,53,123,51,118,48,115,44,112,41,108,38,104,37,99,41,97,46,95,50,93,55,93,60,92,64,90,69,89,74,89,79,91,83,93,87,95,91,98,96,100,99,103,103,106,107,108,111,111,113,115,115,119,117,124,117,129,117,134,114,138,111,142,109,146,105,149,100,149,95,150,93,154,31,75,28,79,25,83,22,86,21,91,22,95,26,98,31,98,35,96,37,92,41,88,44,84,47,81,49,77,49,72,75,169,69,167,63,164,57,162,51,159,45,156,38,155,32,154,27,149,26,143,26,136,29,130,33,126,36,120,32,116,27,114,30,108,35,106,41,108,44,114,47,120,47,126,45,132,42,138,46,141,53,67,60,68,66,71,73,73,79,75,86,76,93,75,99,76,106,78,112,77,118,82,121,88,122,94,124,101,121,107,116,104,113,98,108,93,103,88,98,84,91,81,85,81,78,80,71,79,64,79,60,84,55,88,49,92,43,95,38,91,118,64,118,71,120,79,122,86,123,93,124,100,125,108,126,115,127,122,127,130,128,137,129,144,130,152,130,157,130,157,124,156,119,160,119,166,123,171,126,176,126,182,127,189,129,195,131,201,134,206,137,211,142,213,147,209,96,155,100,151,104,149,109,148,113,146,116,141,120,139,124,142,121,145,117,147,114,151,112,156,111,161,108,165,105,169,103,173,106,177,111,176,114,179,116,183,115,188,113,193,114,197,118,201,120,205,122,210,124,214,127,219,123,222,118,223
234,55,140,56,135,55,131,55,126,54,122,52,118,49,113,46,110,42,107,40,103,39,99,43,96,47,94,51,93,56,92,61,91,65,89,70,88,74,89,79,91,83,93,87,95,91,98,95,99,99,102,103,105,107,106,110,109,112,114,114,118,116,122,116,127,115,131,113,136,111,140,109,144,105,147,101,148,96,149,93,152,31,75,28,79,24,83,21,86,18,91,21,95,25,98,30,98,34,96,37,92,41,88,43,84,47,81,50,77,49,72,74,168,68,166,61,163,55,161,49,158,43,156,37,154,30,152,26,147,25,141,26,134,30,129,35,124,36,118,30,116,25,113,27,108,33,106,40,107,43,112,46,118,47,125,46,131,42,137,45,141,53,67,60,68,66,71,72,73,79,74,86,75,93,75,99,76,105,77,112,76,117,80,121,86,123,92,124,99,120,104,115,100,111,95,107,90,101,87,96,83,90,81,83,81,76,79,70,78,63,78,59,84,55,89,49,92,43,95,37,91,118,65,117,72,120,79,123,86,124,93,124,101,125,108,126,115,127,123,128,130,128,137,129,144,130,152,130,158,130,158,124,157,120,161,121,167,124,173,126,178,128,184,128,190,129,196,131,202,134,208,138,212,144,212,148,208,96,154,99,150,103,147,108,146,113,143,116,140,121,141,121,145,116,145,112,148,110,152,110,158,108,163,105,166,102,171,102,176,106,177,112,177,116,180,117,185,113,188,113,193,115,198,117,201,120,205,122,210,123,215,127,218,123,221,118,223
235,60,143,60,138,59,134,57,130,56,126,55,121,56,117,56,113,54,109,53,105,54,100,58,99,63,98,67,97,71,95,76,94,80,93,85,93,89,94,94,95,98,97,102,99,106,101,109,105,113,107,116,110,119,114,121,118,121,122,121,127,122,131,121,136,119,139,115,143,112,146,109,149,106,152,101,153,97,154,98,158,32,74,28,77,25,81,22,85,19,90,20,94,23,99,28,99,33,97,36,93,39,89,42,84,46,81,48,77,49,72,75,171,69,169,63,166,57,162,51,159,44,157,37,156,32,153,29,147,29,140,31,133,36,129,38,122,35,118,28,118,25,113,28,107,35,106,41,108,45,113,48,119,50,125,49,132,46,138,48,144,51,66,58,68,64,71,71,74,78,75,85,76,93,75,99,77,106,78,113,78,119,83,122,89,124,96,124,103,122,110,117,107,115,100,110,94,106,89,99,87,93,83,86,82,79,80,72,79,64,79,60,84,55,89,49,93,43,96,38,91,119,65,117,72,118,79,121,86,123,93,124,101,125,108,126,115,126,123,127,130,127,137,129,145,130,152,130,158,130,158,124,157,119,161,118,167,122,172,126,177,127,183,128,189,129,196,131,202,134,208,138,213,144,213,148,208,99,157,103,154,108,153,111,150,114,146,118,143,122,140,125,142,122,146,118,148,116,153,115,158,113,162,110,166,107,170,105,174,106,178,111,179,115,181,117,185,115,189,113,194,116,198,118,202,120,207,122,211,124,215,127,219,123,221,118,223
236,60,144,61,140,60,135,58,131,57,127,55,123,57,119,59,116,58,112,58,108,60,104,64,101,68,100,72,98,77,97,81,96,85,95,90,95,95,95,99,97,103,99,107,101,110,104,113,107,117,110,119,113,122,117,124,121,124,125,124,130,124,134,122,138,119,141,115,144,112,147,109,151,106,154,102,155,97,156,99,160,32,74,28,77,24,81,21,85,19,89,20,94,23,98,28,99,33,97,36,93,38,88,41,84,45,81,48,77,49,72,75,171,69,170,63,167,57,163,51,160,44,158,38,156,32,152,30,146,30,140,32,133,37,129,39,123,35,119,28,119,25,113,29,108,35,106,42,108,45,114,48,120,50,126,50,133,46,139,48,144,51,66,58,68,65,71,71,74,79,75,86,76,93,75,100,77,106,78,113,78,118,83,121,90,124,96,124,104,122,110,117,107,114,101,110,95,106,89,99,87,93,83,86,82,79,80,72,79,65,79,60,84,55,89,49,93,43,96,38,91,118,65,117,72,117,80,120,86,123,93,125,101,125,108,125,115,126,123,126,130,127,137,128,145,130,152,130,159,130,159,124,157,120,161,119,167,122,172,126,178,127,184,127,190,129,196,131,202,134,208,138,213,144,214,148,209,99,157,103,156,108,154,112,153,115,149,117,145,121,142,126,142,125,147,121,149,117,152,116,157,115,162,112,166,108,168,107,172,109,177,113,178,117,180,117,185,116,189,112,193,115,197,117,201,119,205,122,209,123,214,126,217,122,220,118,222
237,60,144,61,140,60,135,58,131,57,127,55,123,57,119,58,115,57,111,57,106,59,102,63,101,68,100,72,98,76,97,81,96,85,95,89,96,94,96,98,96,102,98,106,100,110,103,113,106,116,109,119,113,122,116,124,120,124,125,124,130,125,134,123,138,119,140,116,143,113,147,111,151,107,154,103,154,99,156,98,160,32,74,29,77,26,81,23,85,21,90,21,94,25,98,29,98,34,96,36,92,39,88,42,84,46,81,48,77,48,72,75,171,69,169,63,166,58,163,52,160,46,158,40,158,34,155,30,150,30,143,31,137,35,132,38,126,37,120,31,119,29,114,33,108,38,107,44,110,46,116,49,122,50,128,49,134,46,140,49,144,51,66,58,68,64,72,71,73,78,74,85,76,92,75,99,77,106,78,113,78,118,83,121,89,123,96,123,104,122,110,117,107,114,100,109,94,104,90,98,87,92,82,85,81,78,80,71,79,64,80,59,85,54,89,48,93,42,96,37,91,118,65,117,72,117,80,121,86,123,93,124,101,125,108,126,115,127,123,127,130,127,137,129,145,130,152,130,158,130,158,124,157,119,161,118,167,121,172,126,177,127,183,128,190,129,196,130,203,134,208,138,213,144,213,148,208,100,158,105,156,110,156,113,153,116,149,119,146,123,143,127,144,124,148,120,150,118,155,116,159,114,164,110,166,107,170,107,175,110,178,115,179,117,182,117,187,114,190,112,194,116,198,118,202,120,207,122,211,125,215,126,219,122,221,117,222
238,61,143,61,139,60,134,58,130,56,126,56,122,57,117,58,114,58,109,61,105,63,102,67,99,70,96,74,94,77,92,81,90,86,89,90,89,95,89,99,89,103,92,106,94,110,97,112,101,114,105,117,108,118,112,120,116,121,121,121,125,122,130,122,134,121,138,118,141,115,144,112,148,109,151,105,153,101,155,97,157,32,74,29,77,27,82,23,85,21,89,22,93,24,97,29,97,33,95,36,92,39,88,42,84,46,81,47,77,48,72,75,172,69,170,64,167,58,163,53,161,46,160,40,159,35,156,31,151,31,145,32,139,36,134,39,129,39,123,34,121,31,116,33,110,39,109,45,112,47,118,50,123,52,129,50,135,47,141,50,145,50,66,57,68,63,70,70,73,76,75,83,76,90,75,96,76,103,78,110,77,116,80,120,85,123,91,122,98,121,104,115,102,112,96,107,92,102,88,96,85,90,82,83,81,76,79,69,79,63,79,59,84,54,89,48,93,42,96,37,91,118,64,117,71,118,78,120,85,123,92,124,99,124,107,126,114,126,121,126,128,127,136,128,143,129,150,129,158,129,158,123,157,119,162,118,168,122,173,126,178,127,184,128,190,129,196,131,203,134,208,138,213,144,213,148,208,98,157,102,155,107,154,111,152,113,148,115,144,119,140,123,139,123,143,119,146,117,151,115,155,114,160,113,164,110,168,108,172,108,177,111,180,115,182,115,187,113,191,115,195,116,200,119,204,121,208,122,212,124,216,127,220,122,222,118,224
239,60,144,60,139,59,135,57,131,56,127,54,123,54,118,52,114,52,110,55,106,58,103,62,101,67,100,71,98,75,97,79,95,84,94,88,94,93,94,97,94,101,96,105,98,108,102,112,105,115,108,117,112,120,116,122,120,123,124,123,129,124,133,124,138,120,141,116,144,114,147,110,150,106,151,102,153,97,154,98,158,32,74,29,78,27,82,24,86,22,90,22,94,25,97,30,97,34,96,37,92,39,87,42,84,46,81,47,77,48,72,76,172,70,171,64,168,59,164,53,161,47,160,41,159,35,156,31,152,30,146,31,140,35,135,38,129,39,123,34,120,31,116,34,111,39,109,45,112,47,118,50,123,50,129,49,135,46,140,49,145,50,66,57,68,64,71,71,73,78,74,85,76,92,75,99,77,105,78,112,78,118,82,122,89,123,96,123,103,121,109,116,105,113,98,109,93,103,89,97,86,91,82,84,81,77,80,70,79,63,79,59,85,54,90,48,93,42,96,37,91,117,65,117,72,119,79,120,86,123,93,124,100,125,108,126,115,127,122,128,129,127,137,128,144,130,151,130,158,130,158,124,157,119,160,119,167,122,172,126,177,127,183,128,190,129,196,131,202,135,208,138,213,144,213,148,208,99,157,103,154,108,155,113,154,115,149,118,145,122,142,127,142,127,147,122,149,118,152,117,157,115,162,112,166,107,167,106,172,109,176,114,176,117,180,118,185,115,188,111,191,114,195,117,200,118,204,121,209,123,213,126,217,122,220,117,221
240,57,142,57,137,57,132,55,127,53,123,53,118,50,113,47,110,43,107,40,102,38,98,40,95,45,95,50,94,55,94,60,94,65,95,70,93,75,93,79,94,84,95,89,98,93,100,98,101,103,103,107,106,110,109,114,112,116,116,117,121,118,126,119,131,117,135,115,139,112,143,109,147,105,150,100,150,95,150,94,154,31,75,28,79,26,82,23,86,22,91,23,95,27,97,31,97,35,94,37,90,40,87,43,83,46,81,48,76,49,72,75,169,69,167,63,165,58,162,52,159,46,158,40,157,34,155,29,150,27,144,27,138,30,132,33,127,35,121,32,117,29,112,32,107,38,106,43,109,44,116,48,121,48,127,46,133,43,138,47,142,53,66,60,67,66,70,72,73,78,74,85,75,92,75,98,76,104,78,111,77,116,81,120,86,122,93,123,100,120,106,115,103,112,97,107,92,102,88,96,84,90,81,83,81,77,80,70,78,64,78,59,83,54,88,49,92,43,93,37,90,117,64,117,71,119,78,121,85,123,92,124,99,125,107,126,114,127,121,127,128,127,136,128,143,129,150,129,156,129,156,123,155,118,159,118,166,122,170,126,176,126,182,127,189,128,195,131,201,134,207,138,212,143,214,147,209,98,155,102,152,107,151,111,149,115,145,117,141,121,139,125,141,122,145,118,147,115,151,114,156,113,161,110,164,107,168,105,173,107,176,112,176,116,179,117,184,114,188,112,192,115,196,117,201,119,205,122,209,123,214,126,218,122,221,118,223
241,58,143,59,138,58,134,57,129,55,125,54,120,52,116,49,112,46,109,44,104,42,100,44,96,49,95,53,95,58,96,63,97,68,97,72,95,77,95,81,97,86,97,91,99,95,100,99,103,103,105,107,108,111,110,115,114,116,119,118,123,120,127,120,132,119,137,116,141,113,145,109,148,106,151,101,151,96,150,96,154,31,74,29,78,26,82,24,86,22,90,23,94,27,97,31,97,35,94,37,91,40,87,43,83,46,81,48,76,49,72,75,171,69,170,63,167,58,163,53,161,47,159,40,158,34,156,30,152,28,147,29,140,31,135,35,129,37,124,34,119,30,115,34,110,39,108,44,112,46,118,48,124,50,130,47,135,43,141,48,144,53,66,60,67,66,71,72,73,79,74,86,76,93,75,99,76,106,78,112,77,118,81,121,86,122,93,123,100,122,107,117,105,114,99,109,93,104,89,98,85,93,81,86,81,79,81,72,79,65,78,60,82,55,87,50,91,43,93,37,91,117,64,117,71,119,78,121,85,123,92,124,99,124,106,126,113,127,120,127,128,127,135,128,142,129,149,129,156,129,156,122,155,118,159,118,166,122,170,126,176,127,182,127,189,128,195,131,201,134,207,138,213,143,214,148,209,99,155,103,153,108,152,111,148,114,144,118,141,122,138,123,142,120,145,116,148,116,153,114,158,110,161,107,165,104,169,105,173,109,176,113,178,117,181,116,186,112,189,113,194,116,198,117,203,120,207,122,211,125,215,126,219,122,221,117,222
242,58,142,59,138,58,133,57,129,56,125,53,121,52,116,50,113,52,110,54,106,56,103,60,101,65,102,69,101,74,100,78,99,82,98,87,98,91,96,95,97,100,98,103,101,107,103,111,106,114,109,117,112,120,116,122,120,124,124,124,129,124,133,123,138,120,140,117,143,114,147,110,150,106,151,102,151,98,154,97,158,32,74,29,78,27,82,25,86,22,89,22,94,25,97,30,97,34,95,36,91,39,87,42,84,46,81,47,77,48,72,75,172,69,171,64,167,58,164,53,161,47,159,40,159,35,156,30,152,29,145,30,139,33,134,37,129,38,123,34,119,30,115,33,110,39,107,44,111,46,117,49,122,50,128,49,134,46,140,49,144,51,66,58,68,65,71,72,73,79,74,86,76,93,75,99,77,106,77,113,78,118,84,121,90,123,97,124,105,121,111,116,107,113,100,109,95,104,90,98,87,93,83,86,82,78,80,71,78,64,78,60,83,55,88,49,92,43,95,37,91,118,65,117,72,117,80,120,87,123,93,124,101,125,108,125,116,126,123,128,130,127,137,129,145,130,152,129,157,129,157,123,156,118,161,118,167,122,172,126,176,127,182,128,189,129,195,131,201,134,207,138,212,144,213,148,208,100,158,104,156,109,156,113,155,116,150,119,146,123,143,128,142,127,147,123,150,119,153,118,157,116,162,113,166,108,168,106,172,108,177,113,177,117,179,117,184,115,188,112,191,114,196,116,200,119,204,122,209,124,213,127,217,123,220,118,221
243,59,144,59,139,58,135,57,130,56,126,53,122,53,118,50,114,47,110,47,106,48,101,52,99,57,99,61,100,66,100,71,99,75,98,80,98,85,98,89,99,94,100,98,101,103,102,106,105,110,108,114,111,117,114,120,118,122,122,123,127,124,131,125,136,122,140,119,143,115,146,112,149,107,151,103,152,98,154,97,157,32,74,29,78,27,82,24,86,22,90,23,95,26,98,30,98,34,95,37,91,40,88,43,84,47,81,48,77,49,72,76,172,70,170,64,167,58,164,52,161,46,160,40,159,34,156,29,152,28,145,30,139,34,134,37,128,39,122,34,118,30,116,33,110,38,108,44,111,46,116,49,122,50,128,49,135,46,140,49,145,52,66,59,68,65,72,72,74,79,75,86,76,94,75,100,78,107,80,113,80,118,85,121,92,123,99,123,106,121,112,116,107,113,101,109,95,104,90,98,87,92,83,85,82,78,80,71,79,64,79,59,84,54,89,48,93,42,96,37,91,118,65,118,72,119,80,122,87,124,94,125,101,125,108,126,115,127,123,128,130,128,137,129,145,130,152,129,157,129,157,123,156,119,161,119,167,123,171,126,177,126,183,128,189,129,196,130,202,134,207,138,212,143,214,147,209,100,157,105,156,109,157,113,154,116,150,119,146,123,143,128,142,128,146,124,150,120,152,118,157,116,161,113,165,109,167,107,172,109,176,114,176,117,179,117,185,114,188,112,192,115,196,117,201,120,205,122,210,125,214,127,218,122,220,117,221
244,56,142,57,137,57,132,55,128,54,123,53,118,51,114,47,110,44,107,42,103,39,98,42,96,47,96,52,95,56,96,61,96,66,96,71,95,76,96,81,96,85,97,90,99,95,99,99,102,103,104,107,106,111,110,115,113,117,117,119,121,120,126,121,131,119,135,117,140,114,143,111,147,107,150,102,151,97,152,95,156,32,75,29,78,27,83,24,86,22,91,23,95,26,98,31,99,34,96,37,92,40,88,43,84,46,82,49,78,49,73,76,169,70,167,64,164,58,162,52,159,46,157,39,156,33,154,28,149,26,143,27,136,29,130,33,125,36,119,32,114,28,111,31,106,37,104,42,108,44,114,48,119,47,126,46,132,43,137,46,142,52,67,59,69,65,71,72,73,78,75,85,76,92,76,98,77,105,79,112,80,116,86,120,91,121,98,122,105,120,110,115,105,111,100,107,94,103,89,97,86,91,82,84,81,77,80,71,79,64,79,59,84,54,88,48,92,42,95,37,91,117,65,118,72,119,80,120,87,123,94,124,101,125,108,126,115,127,123,128,130,128,137,129,145,130,152,130,159,130,159,124,157,119,161,118,167,122,173,126,177,127,183,128,190,129,196,131,202,134,208,138,213,144,211,149,207,99,158,103,156,108,155,111,153,114,148,117,145,122,143,126,143,124,147,119,150,117,154,116,159,113,163,110,166,106,170,105,174,109,177,114,177,117,180,116,185,113,189,112,194,116,197,118,202,121,206,123,211,126,214,127,218,123,220,118,222
245,55,141,56,136,56,132,55,127,54,123,52,119,50,114,47,111,44,107,42,103,41,99,45,96,50,95,54,95,59,94,63,91,68,90,72,90,77,90,82,90,86,92,90,94,94,97,98,99,102,102,105,105,109,108,112,112,114,116,116,120,117,125,117,129,116,134,115,138,112,142,109,145,105,149,102,152,97,153,95,157,31,75,28,78,26,83,23,87,22,91,23,95,26,98,31,98,34,96,37,92,40,88,43,84,46,81,49,78,49,73,76,168,70,167,64,164,58,161,52,158,46,157,39,156,33,153,29,148,26,142,26,136,29,130,33,125,34,119,31,114,27,110,30,105,37,103,41,107,43,113,47,118,47,125,45,131,42,137,45,141,52,67,59,69,65,71,71,73,78,75,84,76,91,76,97,78,104,80,110,82,114,87,116,94,119,100,121,106,117,110,113,105,109,99,104,94,100,89,95,85,90,81,83,81,76,81,70,79,63,80,58,85,53,89,48,93,42,96,37,91,117,66,118,73,118,80,120,87,122,94,124,101,125,108,126,115,127,122,127,130,127,137,128,144,129,151,130,160,130,160,125,160,121,164,120,170,124,174,126,180,127,186,128,192,130,198,131,204,134,210,139,214,144,213,148,208,99,160,102,157,105,154,110,153,112,149,115,145,119,143,123,143,125,146,120,147,117,150,115,155,114,159,113,164,110,168,108,172,106,176,108,179,112,180,115,184,116,189,114,193,114,197,118,201,120,205,122,209,124,213,127,217,123,220,119,222
246,56,141,57,137,56,132,55,128,54,124,52,120,50,116,48,112,46,108,45,103,48,100,51,98,56,96,60,95,64,93,68,91,72,89,76,89,81,89,85,90,89,92,94,94,97,96,101,99,104,102,107,106,109,109,112,113,114,117,115,122,116,126,116,130,115,135,114,139,111,142,109,146,105,148,101,151,97,154,96,157,31,75,29,79,26,83,23,87,22,91,23,96,27,98,31,98,35,95,38,91,41,88,43,84,47,81,49,77,49,72,75,169,69,168,63,165,57,161,51,158,45,157,38,156,32,153,28,148,26,142,26,135,30,130,34,125,35,118,31,114,27,110,32,106,38,103,42,107,44,114,47,119,47,125,46,132,42,137,46,141,52,66,58,68,65,71,71,73,78,75,85,75,92,75,98,78,105,80,111,83,114,89,117,95,120,101,121,108,117,111,113,106,109,100,105,94,100,90,95,85,89,81,83,81,76,81,69,79,63,81,58,86,53,91,47,94,41,97,37,91,117,66,118,73,118,81,120,88,122,95,124,102,125,109,126,116,127,124,128,131,128,138,129,145,130,153,131,161,131,161,126,159,121,163,120,169,123,175,126,180,128,186,128,192,129,198,131,204,135,209,138,214,144,213,148,208,99,160,102,156,106,154,110,152,112,148,115,144,120,143,124,144,121,147,117,148,114,152,114,157,114,162,111,166,109,170,107,174,105,178,107,181,112,183,116,185,117,190,116,194,114,198,118,202,120,206,122,210,124,214,127,218,123,221,119,223
247,56,142,58,138,57,134,56,129,55,125,53,121,51,117,49,113,46,109,46,105,47,101,51,99,55,97,60,96,64,94,67,91,72,90,76,89,81,89,85,90,89,91,93,93,97,96,101,99,103,102,107,106,110,109,112,113,113,117,115,121,116,126,116,130,115,135,114,139,111,142,109,146,105,148,102,151,98,154,96,158,31,75,29,79,27,83,24,87,22,91,23,96,26,98,31,98,35,95,38,92,41,88,43,84,46,81,49,78,49,73,76,170,70,168,64,165,58,162,52,159,45,158,39,157,33,154,28,149,26,143,26,137,30,131,34,126,36,120,34,114,28,113,30,108,36,105,42,107,44,113,47,119,48,125,47,132,43,137,46,142,52,67,59,69,65,71,72,73,79,75,85,75,92,75,99,78,105,81,111,84,114,90,117,96,120,103,121,110,117,112,113,106,109,100,105,95,100,90,95,85,90,81,83,81,76,81,69,79,62,80,58,86,53,91,47,94,41,97,37,91,118,66,118,73,119,81,121,88,122,95,124,102,125,109,126,117,127,124,128,132,128,139,129,146,130,154,131,161,131,161,125,160,121,165,121,171,124,176,127,181,128,187,129,193,129,200,132,205,135,210,140,214,145,212,149,207,99,160,102,156,107,155,110,152,113,148,115,144,120,143,124,145,121,148,117,149,113,152,112,157,113,162,111,166,108,170,106,175,104,179,105,183,110,184,114,185,118,189,117,193,114,197,116,201,118,206,121,210,123,213,126,218,124,222,119,223
248,56,142,58,138,57,134,56,129,54,125,52,121,51,117,48,113,47,109,46,104,48,101,52,98,56,98,61,96,64,94,68,92,72,90,77,89,81,89,86,89,90,91,94,93,98,96,101,99,104,102,107,105,110,109,112,113,114,118,115,122,116,126,116,131,116,136,115,140,112,143,109,147,105,149,102,152,98,154,96,158,31,75,29,79,27,83,24,87,22,91,23,96,26,98,31,98,35,96,37,92,40,88,43,85,47,82,49,78,49,73,76,170,70,169,64,166,58,162,52,159,45,158,39,157,33,154,28,150,26,144,27,137,29,131,34,126,37,121,35,115,29,114,30,109,35,105,40,107,45,112,45,118,48,124,47,131,44,136,46,142,52,67,59,69,65,71,72,73,79,75,85,75,92,75,98,78,104,81,111,84,114,90,117,96,120,102,121,109,117,112,113,107,109,101,106,95,101,90,96,86,90,82,83,81,76,81,69,80,63,81,58,86,53,91,47,94,41,97,37,91,118,66,118,73,118,81,120,88,121,95,123,102,125,109,126,116,127,124,128,131,128,138,129,145,130,153,131,161,131,161,125,161,122,166,122,172,125,177,127,183,128,189,129,195,130,200,132,206,135,211,140,214,145,212,149,207,99,161,102,157,106,156,111,154,112,150,115,146,119,144,124,144,121,147,117,150,114,153,114,158,114,163,112,167,109,172,107,176,105,180,105,184,110,184,115,186,117,190,117,194,115,198,117,203,120,207,122,211,124,215,127,219,123,222,119,224
249,57,141,58,137,57,132,56,128,54,124,52,120,52,115,50,112,48,108,50,104,54,101,58,99,62,97,65,94,69,93,73,91,77,89,82,88,86,87,90,88,95,89,98,91,101,95,105,98,108,101,110,105,112,109,114,113,116,117,116,122,116,126,117,131,117,135,115,139,112,142,109,146,105,148,102,150,98,153,96,157,32,75,29,78,27,83,24,86,22,91,23,95,26,98,31,98,35,96,37,92,41,88,43,84,46,81,49,78,49,73,76,169,70,167,64,165,58,162,52,159,46,157,39,156,33,153,28,149,27,143,28,136,31,131,35,125,37,119,33,115,27,114,31,108,36,106,42,108,45,114,47,119,49,124,47,131,44,137,46,142,51,66,58,68,64,71,70,73,77,75,84,76,91,76,97,76,103,79,110,80,114,85,117,91,121,97,122,104,118,108,113,103,111,97,106,92,100,88,95,84,88,82,81,81,74,80,68,79,61,81,58,87,53,91,47,95,41,98,37,92,118,66,118,73,119,81,121,88,122,95,124,102,125,110,126,117,127,124,128,132,128,139,129,146,130,154,132,164,132,164,126,162,121,165,120,171,122,176,126,180,127,186,128,192,130,198,131,204,134,209,139,213,144,211,149,207,99,160,102,157,106,155,111,154,112,149,114,145,119,143,123,143,124,146,119,147,116,151,114,155,114,160,112,165,109,169,107,173,106,178,105,183,109,183,114,184,117,188,118,193,115,197,115,201,118,205,120,210,123,214,126,218,124,221,119,223
250,58,141,58,137,58,132,56,128,55,124,54,120,54,115,54,111,56,107,58,103,62,100,65,97,68,94,71,92,74,88,78,86,83,85,87,85,91,84,96,85,100,86,103,88,107,91,110,94,112,98,115,102,116,106,117,110,117,115,117,119,117,123,117,128,116,132,114,136,112,140,108,143,105,146,102,149,99,152,97,156,32,75,29,79,26,83,23,86,20,90,21,95,25,98,30,98,34,97,36,92,39,89,43,85,47,82,49,78,49,73,75,169,69,167,63,164,57,161,50,159,44,157,38,155,32,153,28,147,28,141,29,134,34,129,37,124,37,117,31,116,27,113,29,107,36,106,41,109,45,113,48,119,49,125,48,131,45,138,47,143,52,66,58,69,65,71,71,73,78,75,85,75,92,75,98,75,104,79,110,78,116,81,119,87,122,93,124,100,119,104,115,100,112,94,107,90,101,86,95,83,88,81,81,81,74,80,68,78,61,80,58,86,53,90,48,94,42,98,38,93,120,66,118,73,119,80,123,87,125,94,125,102,126,110,127,117,128,125,128,132,129,140,130,147,130,155,131,163,131,163,126,161,121,165,120,171,123,175,126,181,127,187,128,193,130,199,131,205,134,210,138,214,144,212,148,207,98,159,101,156,105,153,109,151,112,147,116,143,120,142,121,146,117,147,114,151,113,156,113,160,111,165,108,169,105,173,104,177,104,181,109,181,114,183,116,187,116,192,114,196,116,200,118,205,121,208,122,212,125,216,127,220,123,223,118,224
251,59,143,60,139,60,134,58,130,57,126,56,122,58,119,61,116,63,112,65,108,68,105,70,101,74,99,77,96,81,95,85,92,89,90,93,90,98,89,102,90,105,93,109,95,112,98,114,102,117,105,119,109,121,113,122,117,121,122,121,126,121,130,120,135,118,138,114,141,111,144,110,148,107,152,104,154,100,157,100,161,32,74,28,77,26,82,23,86,20,90,21,95,24,99,29,99,33,96,37,93,39,88,42,84,46,81,48,77,49,72,75,171,69,169,63,166,57,163,50,160,44,158,37,156,31,153,29,147,30,140,31,133,36,129,39,123,37,117,30,118,26,114,29,108,35,106,41,108,45,113,48,119,50,126,49,132,46,138,48,143,50,66,57,68,63,71,70,73,77,75,84,76,91,76,98,76,104,78,111,76,117,79,121,85,124,92,124,98,121,105,116,102,114,95,109,90,103,88,97,84,91,82,84,81,77,80,70,79,63,80,59,86,55,91,48,94,42,97,38,92,119,65,118,72,120,80,122,87,124,94,126,102,126,109,126,117,128,124,128,132,128,140,129,147,130,155,132,164,132,164,127,162,122,165,120,171,122,177,126,181,127,187,128,193,130,199,131,205,134,211,139,214,144,211,149,207,100,161,103,158,108,156,111,153,112,149,116,146,120,143,123,146,119,149,116,151,115,156,115,161,113,165,110,169,108,173,106,177,104,182,107,184,112,184,116,186,116,191,114,195,115,199,118,204,120,208,122,212,125,216,127,220,123,222,118,223
252,59,144,61,140,60,136,58,132,57,128,56,123,56,119,55,114,55,110,54,105,55,101,58,99,62,100,67,99,71,97,75,96,79,96,84,94,88,94,93,95,97,96,101,98,105,100,109,102,112,106,114,109,117,113,119,117,121,121,121,126,121,130,121,135,120,139,117,142,114,146,111,149,107,151,104,154,101,158,100,162,31,75,28,79,25,83,22,87,21,91,23,96,26,99,31,99,35,96,38,92,40,88,43,84,47,81,49,77,49,72,75,171,69,168,63,165,57,161,51,159,44,158,37,157,32,153,29,146,29,140,31,133,36,128,39,123,37,116,31,117,27,114,30,108,36,106,42,109,46,114,48,120,50,125,49,132,45,137,48,142,51,66,58,68,65,71,72,74,79,75,86,76,93,75,100,77,107,78,114,78,119,83,122,90,124,97,125,104,121,110,117,106,115,99,111,93,105,89,99,86,93,82,85,81,78,80,71,79,64,80,59,85,55,90,48,94,42,97,37,92,118,65,118,72,119,80,121,87,124,94,124,101,125,109,126,116,127,123,128,131,128,138,129,145,130,153,132,165,132,165,126,163,120,165,119,171,121,176,125,180,128,186,129,192,130,198,131,204,134,210,139,213,144,210,149,206,101,162,103,158,107,156,111,154,111,149,115,146,119,144,122,143,120,147,116,150,115,154,115,159,113,163,111,167,110,172,107,175,105,180,105,184,110,184,114,184,115,189,116,193,115,198,116,202,119,206,121,210,124,214,126,218,122,221,118,223
253,59,143,60,138,59,134,57,130,56,125,54,121,53,117,50,113,48,109,46,105,45,100,48,96,52,96,57,96,62,96,66,94,70,92,75,91,80,91,84,92,88,94,93,96,96,99,100,101,104,105,107,107,110,111,112,115,114,120,116,124,117,128,118,133,118,137,115,141,113,145,109,147,106,151,101,152,97,154,97,159,32,75,29,79,27,83,25,86,23,91,24,95,27,98,32,98,35,96,38,92,41,88,43,85,47,81,49,77,49,73,76,171,70,169,64,166,59,163,53,160,47,158,40,158,34,156,30,151,28,145,29,139,31,133,36,128,38,122,37,116,31,116,33,110,37,106,42,109,46,114,48,120,49,126,48,132,45,138,48,142,52,66,59,68,65,71,71,73,78,74,85,76,92,76,98,76,104,78,111,78,117,82,121,87,122,94,123,101,121,107,115,103,112,97,108,92,102,88,96,84,90,81,83,81,77,80,70,79,63,80,59,84,54,90,48,93,42,96,37,91,118,66,117,73,118,80,122,87,124,94,124,102,125,109,126,117,127,124,127,131,128,139,129,146,130,154,131,162,131,162,125,160,120,163,117,169,120,175,126,179,128,185,128,191,130,197,131,204,134,209,138,214,144,211,149,207,101,162,104,158,108,157,110,154,112,150,116,147,119,144,122,146,120,150,116,153,116,157,115,162,113,166,110,170,107,174,105,179,104,183,107,183,112,183,115,186,116,191,114,195,115,200,118,204,120,208,122,212,125,216,127,220,123,223,118,224
254,60,142,61,138,59,134,57,130,56,125,54,121,54,117,52,112,51,108,52,104,53,99,56,97,60,95,64,92,68,89,72,88,76,86,80,85,85,86,89,87,93,89,97,92,100,95,103,98,106,101,109,105,111,109,112,114,113,118,115,122,115,127,116,131,117,135,115,139,112,143,109,146,105,148,102,152,98,154,97,158,32,75,30,79,28,83,24,86,23,91,23,95,27,97,32,98,35,95,38,91,41,87,44,83,47,81,49,77,49,72,76,171,70,169,64,166,59,163,53,160,47,159,40,159,35,156,30,152,28,146,30,140,34,135,38,130,40,124,38,118,32,118,34,112,39,109,45,111,47,117,50,122,50,128,49,134,46,140,49,144,52,66,59,68,65,71,72,73,79,74,85,75,92,75,99,77,105,78,112,79,117,84,120,90,124,96,124,103,120,108,116,103,113,97,108,92,102,88,96,84,90,82,83,81,76,79,69,79,62,79,58,85,54,90,48,94,42,97,37,92,119,65,117,72,118,79,121,86,123,93,124,100,125,108,126,115,127,122,127,130,127,137,129,144,130,152,130,160,130,160,124,158,119,161,118,167,121,173,126,177,127,183,127,190,129,196,130,202,134,208,138,213,144,213,148,208,99,159,102,155,107,155,110,152,111,147,115,144,118,140,121,142,120,147,117,151,115,155,114,160,113,165,109,169,107,173,106,178,105,183,109,182,114,183,115,187,114,192,114,197,117,200,118,205,121,209,122,214,125,218,127,221,123,223,118,225
255,61,143,61,139,60,134,58,130,56,126,55,122,56,118,57,114,57,109,59,106,61,101,64,99,68,97,72,95,76,93,80,91,84,90,89,90,93,90,98,90,101,93,105,95,108,98,111,102,114,105,116,109,118,113,119,117,120,121,120,126,121,130,121,135,119,138,116,141,113,145,110,148,107,151,103,153,99,155,98,159,32,75,30,79,27,83,25,87,23,91,24,96,27,98,32,98,36,95,38,91,41,87,44,84,48,81,49,77,49,72,76,172,70,170,64,167,59,163,53,160,47,159,40,159,35,157,30,152,30,146,31,139,34,134,38,129,40,123,37,118,32,117,34,111,40,109,45,112,47,118,50,123,51,129,49,135,45,140,49,144,50,66,57,68,63,70,70,72,76,75,83,76,90,76,97,76,103,78,110,77,116,81,120,86,123,92,122,98,120,105,115,103,113,96,108,92,103,88,96,85,90,82,84,81,77,80,70,79,63,79,59,85,54,89,48,93,43,97,38,92,118,64,117,71,117,78,120,85,123,92,124,99,124,106,125,114,125,121,126,128,127,136,127,143,129,150,130,158,130,158,124,156,119,160,118,167,121,172,126,177,127,183,128,190,129,196,130,203,134,208,138,214,144,214,148,209,100,158,104,155,108,154,111,151,114,147,117,144,121,141,124,143,121,147,117,150,116,155,115,159,112,163,110,167,107,171,106,176,105,180,110,181,115,182,116,186,115,191,113,195,116,199,117,204,120,208,122,212,124,216,127,220,123,222,118,224
256,59,143,60,139,58,134,57,130,55,126,54,121,52,117,50,113,47,109,45,105,46,101,50,98,55,98,59,98,63,96,68,94,72,93,77,93,82,93,86,94,90,96,95,98,99,100,103,103,106,106,110,109,114,112,116,116,118,120,120,124,120,129,121,134,120,138,117,141,113,145,110,148,106,151,102,152,97,152,96,156,32,75,29,79,26,82,24,86,22,91,23,95,27,97,32,97,35,95,38,91,41,87,44,83,47,81,49,77,49,72,76,171,70,169,64,167,58,164,52,161,46,159,40,157,33,155,28,151,27,145,29,139,32,133,36,129,38,122,36,117,30,117,32,111,37,108,43,111,46,116,48,122,49,128,48,134,45,139,48,144,52,67,59,68,65,71,72,73,79,74,86,76,94,75,100,78,107,79,113,80,118,85,121,92,124,98,124,105,121,111,117,106,114,99,110,94,105,89,98,86,92,82,85,82,78,80,71,79,64,79,59,84,55,89,48,93,42,96,38,91,118,65,118,72,118,80,121,86,123,93,124,100,125,108,125,115,126,122,127,129,127,137,129,144,130,151,130,158,130,158,124,156,119,161,119,167,123,172,126,177,127,184,127,190,129,197,131,203,135,209,139,214,145,213,149,208,98,157,102,155,107,154,112,153,115,149,118,145,121,141,126,142,124,146,120,149,117,153,115,158,114,163,111,166,108,170,106,174,108,179,113,179,116,182,117,187,115,191,113,194,115,198,118,202,119,207,122,211,124,216,127,219,123,221,118,223
257,56,140,57,136,55,131,55,127,53,122,51,118,48,114,44,112,41,108,38,104,37,100,41,98,45,95,50,94,54,92,59,91,63,89,68,88,73,88,77,90,81,92,86,94,90,97,93,99,97,102,101,106,105,107,109,110,111,114,114,118,115,123,115,127,115,132,113,137,110,140,108,144,104,146,100,148,95,150,93,153,31,75,28,79,25,83,22,86,21,91,22,95,26,98,31,98,35,96,37,92,41,88,43,84,47,81,49,77,49,72,75,169,69,167,63,165,57,162,51,159,45,157,39,155,33,154,28,150,25,144,26,138,28,131,32,126,35,121,32,116,27,113,29,108,35,105,41,108,44,113,47,119,47,125,45,132,42,137,45,141,53,67,60,68,66,70,73,73,79,75,86,76,93,75,99,76,105,78,112,76,117,80,121,85,123,92,124,99,120,104,116,101,112,96,108,91,102,87,97,84,91,81,84,81,77,79,71,78,64,78,60,83,55,88,49,91,44,95,38,91,117,65,118,72,119,79,122,86,123,93,124,101,125,108,126,115,127,123,128,130,128,137,129,144,130,152,130,158,130,158,124,157,120,162,121,168,124,173,126,179,127,185,128,191,130,197,132,203,135,208,139,213,145,212,149,207,96,154,99,150,103,146,108,145,112,143,116,139,120,139,121,143,116,144,113,148,111,152,111,157,109,162,105,166,102,170,102,175,105,177,111,177,115,178,116,183,114,187,112,192,114,196,117,200,119,205,121,209,123,214,126,218,123,221,118,223
258,57,142,58,138,58,133,56,129,56,124,53,120,52,116,49,112,47,108,45,104,44,100,47,96,51,94,56,93,60,93,65,93,69,91,74,91,78,91,83,92,87,94,91,96,95,99,99,101,103,104,106,107,111,109,113,112,115,117,116,121,117,126,117,130,116,135,114,139,112,143,109,146,105,149,101,151,97,151,95,155,31,75,28,78,25,82,22,86,20,91,22,95,26,98,30,98,34,96,38,92,40,88,43,84,47,81,49,77,49,72,75,170,69,169,63,165,57,162,51,159,45,157,38,156,32,154,27,149,27,143,27,136,30,130,35,126,37,119,32,116,26,114,29,108,35,106,41,108,44,114,47,120,48,126,46,132,43,138,46,142,53,67,60,68,66,71,72,73,79,74,86,76,93,75,100,76,106,78,113,77,118,83,121,89,124,95,123,102,120,108,116,103,113,97,108,91,103,88,97,84,91,81,84,81,77,80,70,78,63,78,59,84,55,89,49,92,43,95,37,92,118,65,118,72,119,80,122,86,124,94,124,101,125,108,126,116,127,123,128,131,128,138,129,145,130,153,129,158,129,158,123,156,119,161,119,167,123,172,126,178,126,184,128,190,129,197,131,203,135,208,139,213,144,213,148,208,99,157,101,153,105,151,109,150,111,146,114,142,118,139,121,141,117,145,114,148,113,153,112,157,109,161,106,165,104,169,103,173,105,177,110,179,114,181,116,185,113,189,113,193,116,198,116,202,119,206,121,210,124,213,126,217,122,220,118,222
259,59,143,60,139,58,134,57,130,55,126,53,122,52,117,48,114,46,110,44,106,45,101,48,98,53,97,57,95,61,93,65,91,69,88,74,88,78,88,83,90,87,91,90,94,94,97,97,100,101,104,104,106,108,110,110,114,113,117,115,122,115,126,116,131,117,135,115,139,112,143,110,147,106,149,102,152,98,154,97,158,32,75,28,78,26,83,23,86,20,90,21,95,25,98,30,98,34,96,37,92,40,89,43,84,47,82,49,78,49,73,76,170,70,169,63,166,57,163,51,160,45,158,38,156,32,154,28,148,29,142,30,135,34,130,38,124,38,117,32,116,26,115,29,109,34,106,41,108,45,113,47,119,49,126,49,132,45,138,48,143,52,67,59,68,65,71,72,74,79,75,86,76,93,75,99,77,106,79,113,78,117,84,121,90,124,96,124,103,120,109,115,105,113,98,109,92,104,88,98,85,91,82,84,81,77,80,70,79,63,80,59,85,54,90,48,93,42,96,37,92,118,66,118,73,119,81,121,88,124,95,124,102,125,110,126,117,127,124,128,132,128,139,129,146,130,154,130,160,130,160,124,159,120,163,119,169,122,174,126,179,127,185,128,191,130,197,131,203,134,208,138,213,144,212,148,207,99,160,102,157,107,155,111,152,112,147,116,144,121,143,124,145,120,148,116,149,115,154,114,159,113,164,111,168,108,172,106,177,105,181,110,182,114,182,118,185,117,190,114,194,115,198,117,202,120,206,122,210,124,215,127,219,124,222,119,223
260,59,142,60,138,58,134,57,129,55,125,53,121,51,117,48,113,46,109,45,105,46,100,48,97,52,94,55,91,59,88,63,85,67,83,72,83,76,84,81,85,85,87,88,90,92,94,95,96,98,100,101,103,104,107,106,111,108,115,110,120,111,124,112,129,114,133,113,137,111,141,109,146,105,148,101,151,97,153,96,157,31,75,28,79,26,83,23,86,22,91,23,95,27,97,31,97,35,94,38,90,41,87,44,83,47,80,49,76,49,72,76,171,70,170,64,167,59,164,53,161,47,159,40,158,34,156,29,152,29,146,29,139,32,134,36,129,37,122,34,118,29,116,31,110,37,108,43,109,46,115,48,121,49,127,48,133,45,139,48,143,53,67,60,68,66,71,72,73,79,74,85,75,92,75,99,77,105,78,111,77,117,80,120,86,124,92,124,98,119,103,115,98,111,93,106,88,100,85,94,82,88,81,81,80,75,79,68,78,62,79,58,85,54,90,48,93,42,96,37,91,118,65,118,72,120,80,122,87,124,94,124,101,126,109,127,116,128,123,128,131,128,138,129,145,130,153,131,161,131,161,125,159,119,161,117,167,120,173,126,177,127,183,127,190,129,196,131,202,134,208,139,212,145,212,149,207,98,159,101,156,105,153,109,151,110,146,114,144,118,140,120,143,117,146,114,150,113,154,113,159,111,163,108,167,106,171,104,176,104,181,109,182,113,182,116,186,115,190,114,195,116,199,118,204,120,208,122,212,125,216,127,220,123,222,118,223
261,59,142,61,139,59,134,58,130,56,126,54,121,53,117,51,113,49,108,50,104,53,101,55,96,58,93,60,89,64,86,68,84,71,81,76,80,80,81,85,82,89,84,93,86,96,90,99,93,102,96,104,100,107,104,108,109,108,113,110,118,110,122,111,127,112,131,113,136,111,140,108,144,105,147,101,149,98,153,97,157,32,74,29,78,27,82,24,85,22,89,23,94,26,97,31,97,35,94,37,91,40,87,43,83,46,81,48,77,49,72,76,172,70,170,65,167,59,164,53,162,47,160,41,159,35,157,30,153,30,147,30,141,33,136,37,131,38,125,36,119,31,117,33,112,38,109,44,111,47,117,49,122,50,128,49,134,46,140,49,144,52,66,58,68,65,70,71,72,78,74,84,75,91,75,98,76,104,78,110,77,115,81,119,87,122,93,124,99,120,103,115,101,111,95,106,90,101,86,95,83,89,80,82,80,76,79,69,79,62,79,58,84,55,90,49,93,43,96,38,91,118,64,117,71,120,78,122,85,124,92,124,100,125,107,126,114,127,122,127,129,127,136,129,144,129,151,130,159,130,159,124,157,119,160,118,167,120,173,126,176,127,183,127,189,129,196,131,202,134,208,138,213,144,212,148,207,99,158,101,154,105,151,108,149,111,145,115,142,117,139,119,142,115,146,113,150,113,155,111,159,109,163,107,168,105,172,103,176,105,180,110,180,114,182,117,186,114,190,113,194,116,197,117,202,119,206,121,211,124,214,126,218,122,221,118,223
262,59,142,60,138,59,134,58,129,56,126,55,121,54,117,56,114,57,109,59,106,61,102,62,98,65,95,69,93,73,92,77,90,81,88,85,88,90,88,94,88,97,91,101,94,104,96,108,99,110,102,112,106,115,110,116,114,117,118,117,122,117,126,117,131,116,135,114,138,111,142,109,146,106,149,102,151,99,154,98,158,32,75,29,79,27,82,24,86,22,90,24,94,27,97,31,97,35,94,38,91,40,87,43,83,46,81,48,76,49,72,76,171,70,170,65,167,59,163,54,161,48,159,42,159,36,157,31,153,29,148,30,141,33,136,37,131,39,125,37,120,32,117,34,111,39,109,45,112,47,118,50,122,50,129,49,135,46,140,49,144,51,66,57,68,64,70,70,72,77,74,84,75,90,75,97,75,103,78,109,76,115,78,119,84,122,90,123,97,120,102,115,100,112,94,107,90,101,86,95,83,88,82,82,80,75,79,68,79,62,79,59,85,54,90,48,93,42,95,37,91,117,65,117,72,119,80,121,87,123,94,125,101,125,109,126,116,127,123,128,131,128,138,129,145,130,153,131,160,131,160,125,158,119,162,118,168,121,173,126,177,127,184,128,190,129,197,131,203,135,209,139,214,145,212,149,207,100,159,103,156,108,155,110,151,111,147,115,144,119,141,122,139,121,144,117,147,116,152,115,156,112,160,109,165,108,169,106,174,105,178,108,181,112,181,116,184,115,189,114,193,115,198,117,203,119,207,122,211,124,215,127,219,123,221,118,223
263,60,144,60,139,59,135,57,130,56,126,54,122,52,118,48,114,46,110,45,105,48,102,52,100,57,100,61,99,66,98,70,96,75,95,80,95,84,95,89,96,94,97,98,99,102,101,106,105,109,107,113,111,115,115,118,119,120,123,122,127,122,132,124,137,122,140,118,143,114,147,110,149,106,151,102,152,97,153,97,157,32,75,29,79,28,83,25,86,23,90,24,95,27,97,31,97,35,95,37,91,40,88,43,84,46,82,48,77,49,73,76,172,70,170,64,167,59,164,53,162,47,160,41,159,35,156,30,152,29,146,31,140,34,134,38,129,38,123,35,118,31,116,34,110,40,108,44,112,46,118,49,123,50,129,49,135,46,140,49,145,52,67,59,68,66,72,73,74,80,74,88,76,95,75,101,79,108,79,114,80,119,86,122,92,124,100,125,107,122,113,117,108,115,101,111,95,106,89,99,88,94,83,86,82,79,81,72,79,64,79,59,83,55,89,48,93,42,96,37,91,117,65,117,72,120,79,121,86,123,93,124,101,125,108,126,115,127,123,128,130,128,137,129,145,130,152,130,158,130,158,124,156,119,159,118,166,121,171,125,176,127,182,128,188,129,195,131,201,133,207,137,212,143,212,148,208,100,158,104,155,109,156,113,154,116,150,118,146,122,143,127,144,125,148,121,150,118,154,116,159,115,164,111,166,108,170,106,174,109,178,114,178,117,181,117,186,114,189,112,193,115,196,117,201,119,205,122,209,123,214,126,218,122,220,117,222
264,57,142,57,137,57,132,56,128,54,123,53,119,50,115,47,111,44,107,41,103,38,99,39,95,44,94,49,94,54,94,58,94,63,94,68,93,73,92,77,94,82,95,86,97,91,99,95,100,99,103,103,106,107,108,111,112,114,115,116,120,116,125,117,130,116,134,114,139,111,142,109,147,105,150,100,150,95,150,94,154,31,75,28,79,27,83,24,87,23,91,24,95,27,98,32,98,35,95,38,91,41,87,44,84,47,81,49,77,49,72,76,170,70,168,64,165,59,162,53,159,47,158,41,157,34,155,30,151,27,145,28,139,30,133,34,128,36,123,35,117,30,114,32,108,37,106,43,109,45,114,48,120,48,126,47,132,44,138,47,142,53,66,60,67,66,70,72,73,78,74,85,75,92,75,99,76,105,77,111,76,117,81,121,86,122,93,123,99,121,106,116,102,111,97,107,91,102,88,96,84,91,81,84,81,77,80,71,78,64,78,59,82,54,87,49,91,43,93,37,91,117,64,117,71,119,79,122,85,124,92,124,100,124,107,126,114,127,122,127,129,127,136,128,144,130,151,129,156,129,156,123,155,118,159,119,166,123,171,126,176,127,183,128,189,129,196,131,202,135,207,139,213,144,214,148,208,97,154,101,151,106,149,110,146,113,143,117,139,121,136,123,139,120,143,117,148,114,152,112,156,111,161,108,165,104,168,103,172,107,175,112,177,115,180,115,185,112,189,113,194,116,198,118,203,121,207,122,212,125,215,127,219,123,221,118,223
265,59,144,60,139,59,135,57,131,56,126,54,122,53,117,50,114,47,110,45,106,44,102,46,98,51,97,56,98,60,98,65,98,70,97,74,97,79,97,84,97,88,99,93,99,97,101,101,103,105,106,108,109,112,112,115,116,117,120,119,124,120,129,120,133,120,137,116,141,114,145,111,148,107,151,102,152,97,152,97,156,32,75,29,79,27,82,25,87,23,91,24,95,27,98,31,97,35,94,38,91,40,87,43,83,47,81,48,77,49,72,76,172,70,170,65,167,59,164,53,161,47,160,41,159,35,157,31,152,29,146,30,140,33,135,37,130,38,124,36,118,31,116,33,111,39,108,44,112,46,117,49,122,50,128,49,134,46,140,49,144,52,66,59,68,65,71,72,73,79,74,86,76,93,75,100,78,107,79,114,79,118,85,121,91,124,98,124,105,122,112,117,108,114,102,111,95,106,90,99,87,94,83,87,82,80,81,72,79,65,79,60,83,55,88,49,92,43,95,37,91,117,65,117,72,118,79,120,86,123,93,124,100,124,107,125,114,126,121,127,129,127,136,128,143,130,150,129,156,129,156,122,155,118,160,118,166,123,171,127,176,127,183,128,189,130,196,132,202,135,208,139,213,145,213,149,208,99,156,103,153,108,153,111,150,114,146,117,142,120,139,124,141,120,144,117,148,116,153,114,157,111,161,108,165,105,169,105,173,109,176,113,178,117,181,116,186,112,189,114,194,116,198,117,202,120,206,122,211,125,215,126,218,122,220,117,222
266,59,144,60,140,59,135,58,131,57,127,55,123,53,118,51,114,52,110,53,106,55,102,59,101,63,102,68,101,72,100,76,99,81,98,85,98,90,98,94,97,99,98,103,100,106,104,109,106,113,109,116,112,119,116,122,119,123,124,123,128,124,132,124,137,121,140,118,143,115,147,111,150,107,151,103,153,99,155,98,159,32,75,30,79,27,83,25,87,23,91,24,95,27,98,32,98,35,95,37,91,40,87,44,84,47,81,48,77,49,72,75,172,69,171,64,167,58,163,52,160,46,159,40,159,34,156,29,151,29,145,31,139,35,133,39,129,41,123,37,118,32,117,34,111,39,108,45,111,47,117,50,123,51,129,49,135,45,140,49,144,51,66,58,68,65,71,71,73,79,75,86,76,93,75,99,78,106,79,113,78,118,83,121,90,124,97,124,104,122,111,117,107,114,101,110,95,106,89,99,88,94,83,87,82,80,80,72,79,65,79,60,83,56,89,49,92,43,96,38,92,118,65,117,72,118,79,121,86,123,93,124,100,125,108,126,115,127,122,127,129,127,137,129,144,130,151,129,157,129,157,123,157,119,161,119,168,123,172,127,177,127,184,128,190,129,196,131,202,134,208,138,213,144,213,148,208,100,158,105,156,110,156,113,153,116,149,119,146,123,143,127,144,125,148,121,151,118,155,117,159,115,164,111,166,107,169,106,174,110,177,114,179,118,182,117,187,114,190,113,194,116,197,117,202,120,206,122,211,125,215,126,218,122,220,117,222
267,59,144,60,140,59,135,57,131,56,126,54,122,52,118,49,115,48,110,48,106,50,102,55,101,59,102,64,102,68,100,73,99,78,99,82,98,87,98,91,97,96,98,100,101,103,103,107,107,110,109,114,113,117,116,119,120,122,124,123,129,124,133,124,138,121,141,117,144,114,148,111,150,106,152,102,154,98,155,97,159,32,75,29,79,28,83,25,87,23,91,24,95,27,98,31,98,35,95,38,92,41,88,43,85,47,82,48,77,49,73,76,172,70,170,64,167,58,164,52,161,46,160,39,159,34,156,29,151,29,145,31,139,34,133,38,129,40,122,37,117,31,118,32,112,38,108,43,111,47,115,48,121,50,126,50,133,47,139,49,144,51,67,58,68,65,71,71,73,79,75,86,76,93,75,99,77,106,80,113,81,117,87,120,93,123,100,124,107,120,112,115,108,113,101,109,95,104,90,98,87,92,82,85,81,78,80,71,79,64,80,59,85,54,90,48,94,42,97,38,92,117,65,118,72,119,79,121,87,124,94,125,101,125,108,126,115,127,123,128,130,128,137,129,145,130,152,130,159,130,159,124,157,119,161,118,167,121,172,126,176,127,183,128,189,129,196,131,202,134,208,138,213,144,212,149,207,101,159,105,157,110,158,113,155,115,150,119,147,123,145,128,145,126,149,121,151,118,154,118,159,116,164,111,166,107,169,105,173,107,177,112,178,116,180,117,185,115,189,112,193,115,197,117,201,119,206,122,210,125,214,126,217,122,219,117,221
268,55,142,57,138,56,133,55,128,54,124,52,119,50,115,47,111,44,107,41,103,39,99,42,96,47,95,51,95,56,96,61,96,65,94,70,94,75,95,80,95,84,96,89,98,93,100,98,101,102,103,106,106,110,110,113,112,116,117,118,121,119,126,120,130,118,135,116,139,113,143,110,146,106,150,102,152,97,153,95,157,31,75,29,79,26,83,24,87,22,92,23,96,27,99,31,99,34,96,37,92,40,88,43,84,46,82,49,78,49,73,76,169,70,167,64,164,58,161,52,158,46,157,39,156,34,153,29,148,27,142,26,136,29,130,33,125,34,119,31,114,28,110,31,105,37,103,42,107,44,113,46,118,47,125,45,131,42,136,45,141,52,67,59,69,65,71,72,73,78,75,85,76,92,76,98,78,104,80,111,82,115,87,118,93,121,99,121,106,118,111,114,106,110,101,106,95,101,90,96,86,91,82,84,82,77,80,70,79,64,79,59,84,54,88,48,92,42,95,37,91,117,65,118,72,119,79,121,87,122,94,124,101,125,108,126,115,127,123,128,130,128,137,129,144,130,152,130,159,130,159,124,157,119,161,118,167,121,172,126,176,127,182,127,189,129,195,131,201,133,207,137,212,143,214,147,209,100,160,103,156,108,155,111,152,113,147,117,144,121,142,125,143,122,146,118,150,116,154,114,159,114,164,111,168,107,171,105,174,107,179,111,180,116,182,118,186,116,191,113,194,115,198,118,202,121,206,123,211,126,215,128,219,124,222,119,223
269,55,141,57,137,56,132,55,127,53,123,52,119,49,115,46,111,43,107,40,103,39,99,43,97,48,95,52,94,57,93,61,91,66,89,70,88,75,88,80,89,84,91,88,93,92,96,97,97,100,101,104,104,107,108,110,111,112,115,114,120,115,124,116,129,115,134,114,138,111,142,108,145,104,148,101,152,97,153,95,157,31,75,28,79,26,83,23,87,22,91,23,96,26,99,31,99,34,96,37,92,40,89,42,85,46,81,49,78,49,73,76,168,70,167,64,164,58,161,52,158,46,157,39,156,33,153,29,149,26,143,25,137,27,131,31,126,33,120,31,114,27,110,31,105,37,103,41,107,44,113,46,119,47,125,44,131,42,137,45,141,52,67,59,69,65,71,71,73,78,75,85,76,91,76,98,78,104,80,110,83,114,88,116,94,119,101,120,108,117,112,112,107,109,101,104,96,100,91,95,86,90,82,83,81,76,80,69,79,63,79,58,84,54,89,48,93,42,96,37,91,118,65,118,72,118,80,120,87,122,94,123,101,124,108,126,115,126,122,127,129,127,137,128,144,129,151,131,161,131,161,125,160,121,164,121,170,124,175,127,180,127,186,129,192,130,198,131,204,134,209,138,213,144,211,148,207,99,159,101,156,104,153,109,152,112,148,115,144,119,143,124,144,122,147,117,148,114,151,113,156,113,161,111,165,109,169,106,174,104,178,108,180,112,182,116,185,117,189,115,194,114,198,118,201,119,206,122,210,125,214,127,218,124,221,119,223
270,55,141,57,137,56,133,55,128,54,124,52,120,51,115,48,112,46,108,45,103,48,100,51,97,55,95,60,93,63,90,67,89,71,87,76,87,80,87,85,88,89,89,93,92,97,95,100,98,103,101,106,105,108,109,111,113,113,117,114,121,115,126,115,130,114,135,113,139,110,143,107,146,104,149,100,152,96,154,96,158,31,75,28,79,27,83,24,87,22,91,23,96,26,98,31,98,35,95,38,92,41,88,43,84,46,81,49,78,49,73,76,169,70,168,64,165,58,162,52,159,46,157,40,156,33,154,29,149,26,143,27,137,29,131,33,126,35,120,33,114,28,112,31,106,37,105,42,108,44,114,48,119,47,126,46,132,43,137,46,142,52,67,59,69,65,71,72,73,78,75,85,75,92,75,98,78,105,81,110,84,114,90,117,97,119,103,121,110,116,112,112,106,109,100,105,95,100,90,95,86,89,81,82,81,76,80,69,79,62,80,58,85,53,91,47,94,41,97,37,91,118,66,118,73,118,81,120,88,122,95,124,102,125,110,126,117,127,124,128,132,128,139,129,146,130,154,131,161,131,161,125,160,122,165,122,171,124,177,127,182,128,188,129,194,130,200,131,206,135,210,140,214,145,213,149,208,99,160,102,156,106,154,110,152,113,148,116,144,121,143,125,144,124,148,119,148,115,150,113,155,114,159,113,164,109,168,107,172,105,177,104,182,108,182,113,184,117,187,118,192,116,196,115,200,118,204,120,208,123,212,126,216,124,220,119,222
271,57,142,58,138,57,133,56,129,54,124,52,121,52,116,48,113,46,109,46,104,48,101,52,98,56,97,60,95,64,92,68,90,72,89,77,88,81,88,86,89,90,90,94,92,97,95,101,99,103,102,107,106,109,109,111,113,114,117,115,122,115,126,116,131,116,135,115,140,112,143,109,146,105,148,102,152,98,154,96,158,31,75,28,79,27,83,24,87,22,91,23,96,26,99,31,99,34,96,37,92,40,89,43,85,47,81,49,78,49,73,76,170,69,169,64,166,58,162,52,159,45,158,39,157,33,154,28,149,27,143,28,136,31,130,35,125,37,119,34,114,27,114,30,109,35,105,41,106,45,112,46,118,48,124,48,131,44,136,46,142,52,67,59,68,65,71,72,73,79,75,86,76,92,75,98,78,105,81,111,84,114,90,117,97,120,103,121,110,117,112,113,106,110,100,105,95,101,90,95,86,89,81,82,81,76,80,69,80,62,81,58,87,53,91,47,95,40,97,37,91,118,66,118,73,118,81,120,88,122,95,124,102,125,109,126,116,127,124,128,131,128,138,129,145,130,153,131,162,131,162,125,161,121,166,121,172,124,177,127,182,128,188,129,194,131,200,131,206,135,211,140,214,145,212,149,207,99,161,102,158,106,155,110,153,112,149,115,145,120,144,125,145,122,147,117,148,114,151,113,156,114,161,112,165,108,168,107,173,105,178,104,182,109,183,113,185,117,188,118,193,116,197,115,201,117,205,121,209,124,213,126,217,124,221,119,222
272,57,142,58,138,57,133,56,129,54,125,53,121,51,117,48,113,47,109,49,105,51,101,55,99,59,97,63,94,67,92,71,90,75,88,79,88,84,87,88,88,92,90,96,92,100,95,103,98,105,102,108,106,111,109,113,114,114,118,115,122,116,127,117,131,117,136,115,139,112,143,109,146,105,148,102,151,98,154,97,158,32,75,29,78,27,83,24,86,22,91,23,95,26,98,31,98,35,96,37,92,41,88,43,84,46,81,49,78,49,73,76,169,69,168,63,165,57,163,51,160,45,158,38,156,32,154,28,149,27,142,28,136,32,130,36,125,37,118,32,115,27,114,30,108,36,106,42,108,45,114,47,120,49,125,47,132,44,138,47,143,51,66,58,68,64,71,70,73,77,75,84,76,90,76,97,76,103,80,109,81,114,86,117,92,119,98,122,105,118,109,113,105,110,99,106,94,101,89,95,84,89,81,83,81,76,80,69,79,62,80,58,85,54,90,48,94,42,97,37,92,117,66,118,73,119,80,121,87,122,95,124,102,125,109,126,116,127,124,128,131,128,138,129,145,130,153,131,163,131,163,125,161,121,166,121,172,124,176,127,182,127,188,129,194,130,200,132,205,135,210,140,214,145,212,149,207,100,162,102,158,106,156,111,154,112,150,115,146,119,144,124,145,122,148,117,150,114,153,114,158,113,163,110,167,108,171,107,176,104,180,104,184,109,184,114,185,117,189,118,193,116,197,115,201,118,205,120,209,123,213,126,217,123,221,119,223
273,57,141,58,137,57,132,57,128,55,124,53,119,53,115,52,110,53,106,56,103,60,101,62,97,66,96,69,92,72,89,76,87,81,85,85,84,89,83,94,84,98,86,102,87,106,90,108,94,110,98,112,102,114,106,116,111,116,115,116,120,116,124,116,129,116,133,114,137,112,141,109,144,104,146,102,149,99,153,97,157,32,75,29,78,26,82,23,86,21,90,22,95,25,98,30,98,34,96,37,92,40,89,43,85,46,82,49,78,50,73,76,169,70,167,63,164,57,162,51,159,45,157,38,155,32,153,27,148,28,141,29,135,33,129,37,124,37,117,31,116,26,114,30,108,36,106,42,109,45,114,48,120,49,126,47,132,44,138,47,143,51,66,57,69,64,71,70,73,77,75,84,75,91,75,97,75,103,79,109,77,115,81,118,87,120,93,123,99,119,104,114,102,112,96,107,91,101,87,96,83,89,82,82,81,76,80,69,79,62,80,58,86,53,90,48,94,42,98,38,93,118,66,118,73,119,81,122,87,124,94,124,102,125,109,126,116,127,124,128,131,128,138,129,145,130,153,132,164,132,164,126,162,121,165,119,171,121,176,125,180,127,186,128,192,130,198,131,204,134,210,139,214,144,212,148,207,99,160,101,156,105,154,110,153,112,149,115,145,119,142,123,143,120,146,116,149,114,152,114,157,113,162,111,166,109,171,106,175,104,179,105,183,110,183,114,184,115,188,116,193,115,198,116,202,119,206,121,210,123,215,126,219,123,221,118,223
274,58,142,59,138,59,133,58,129,56,125,56,121,57,117,60,113,61,109,63,105,66,103,69,99,71,96,75,93,78,90,82,89,86,87,90,87,95,86,99,87,102,90,106,92,110,94,113,97,115,101,116,105,118,109,119,114,119,118,118,122,118,127,117,131,116,135,113,139,111,142,109,146,105,149,102,152,99,155,99,159,32,75,28,78,26,82,22,86,20,90,21,95,25,99,30,99,34,96,36,92,39,88,43,84,47,81,49,77,49,72,75,170,69,168,63,165,57,162,51,159,44,157,37,156,32,152,28,147,29,140,31,134,35,129,38,123,36,117,30,117,26,113,30,108,36,106,42,108,45,114,49,120,50,126,48,132,45,138,48,143,51,66,57,69,64,71,70,73,77,74,84,76,91,76,98,75,103,79,109,76,115,78,120,83,122,89,124,96,119,101,114,99,112,93,107,89,101,85,94,83,88,81,81,81,74,80,67,78,61,80,58,86,53,91,48,95,42,98,38,92,118,65,118,72,119,80,122,87,124,94,124,101,126,109,127,116,128,124,128,131,129,139,129,146,130,154,131,162,131,162,126,160,121,165,120,171,123,175,126,180,127,187,129,193,130,199,131,205,135,210,140,214,145,212,149,207,101,161,103,157,108,156,111,153,112,148,115,145,119,143,123,144,119,146,116,149,114,154,115,158,113,163,110,166,108,170,107,175,105,179,105,183,109,184,114,184,116,188,116,193,115,198,116,202,118,206,121,210,123,214,126,218,122,221,118,223
275,59,144,61,140,60,136,58,132,57,128,56,124,57,120,56,116,56,111,57,107,60,104,62,101,67,101,71,100,75,99,79,97,83,95,87,94,92,93,96,93,100,95,104,97,108,99,111,102,113,106,116,109,118,113,120,117,121,121,121,126,121,130,121,135,119,139,117,142,114,145,110,148,107,151,104,154,101,157,100,161,32,75,29,78,26,82,23,86,21,91,21,96,25,99,30,99,34,96,36,92,39,88,42,85,46,82,49,78,49,73,75,171,69,168,62,165,56,162,50,159,43,158,36,156,31,152,30,145,30,138,33,132,38,127,40,120,35,116,28,117,26,113,30,107,37,106,43,109,46,114,48,120,50,126,50,133,46,139,49,144,51,66,58,68,65,71,72,74,79,75,86,76,93,75,100,77,107,78,114,77,119,82,122,89,124,96,125,103,121,109,117,104,115,97,110,92,105,89,98,86,92,82,85,81,78,80,71,79,63,80,59,85,55,91,49,93,43,97,38,92,118,64,117,71,119,79,122,86,124,93,125,100,125,107,126,115,127,122,127,130,128,137,129,144,130,152,132,165,132,165,126,163,121,165,119,171,121,177,126,180,128,186,129,192,130,198,132,205,134,210,139,213,145,210,150,206,101,161,105,158,109,157,111,153,112,149,117,147,121,144,125,144,122,147,117,149,116,153,116,158,115,163,112,166,109,169,108,174,107,178,105,183,109,184,114,184,117,188,117,192,115,197,116,202,118,206,121,210,123,214,126,218,122,221,118,223
276,59,144,61,140,60,135,58,131,57,127,55,122,54,117,52,113,49,110,46,106,44,101,44,97,48,95,53,96,58,96,62,95,66,92,71,92,75,92,80,91,84,93,88,95,93,97,96,100,101,102,104,105,107,109,110,112,113,116,115,121,116,125,117,130,118,135,116,139,114,143,110,146,107,149,103,152,99,155,97,159,32,75,29,79,26,83,23,86,22,91,24,95,27,98,31,98,35,95,38,92,40,87,43,84,47,81,49,77,49,72,76,171,70,170,64,167,59,163,53,160,47,158,40,158,35,156,30,151,28,145,29,139,32,133,36,128,38,122,35,117,29,115,31,110,37,107,43,109,45,115,49,120,49,127,48,133,45,139,48,143,52,67,59,68,65,70,72,73,78,75,85,76,92,75,99,76,105,78,112,77,117,81,121,87,123,93,124,100,121,106,115,103,112,96,108,91,103,87,97,84,91,81,84,81,77,80,71,79,64,80,60,85,54,89,49,93,43,95,37,91,119,65,118,72,119,80,122,87,125,94,125,101,126,109,126,116,127,124,128,131,128,139,129,146,130,154,132,164,132,164,126,161,121,163,118,169,119,175,125,178,128,184,129,190,129,197,131,203,133,209,138,213,144,211,149,207,100,162,103,159,108,157,111,155,112,150,115,147,119,145,123,145,121,149,117,152,115,156,116,161,113,165,111,168,108,172,107,177,104,181,106,184,111,184,115,186,117,191,116,195,115,199,118,203,120,208,122,212,125,216,127,219,124,223,119,224
277,60,143,61,139,59,134,57,130,56,126,55,121,55,117,52,113,51,108,51,104,52,99,55,97,59,95,63,92,67,89,71,87,75,86,80,85,84,86,88,87,93,89,96,92,99,95,103,98,106,101,108,105,110,110,111,114,113,118,114,123,114,127,116,132,117,136,114,140,112,144,108,146,104,149,101,152,98,154,98,159,32,75,30,79,28,83,25,86,23,90,23,95,27,97,31,98,35,95,38,91,40,88,43,84,47,81,49,78,49,73,76,171,70,170,64,167,59,163,53,161,47,159,40,158,34,156,30,152,28,146,30,140,33,134,37,130,40,124,39,118,32,118,33,113,38,109,44,111,46,117,50,122,50,128,49,134,46,140,49,144,52,66,59,68,65,71,72,73,79,74,86,75,93,75,99,77,106,78,113,78,117,83,121,90,124,96,123,103,119,108,115,103,112,97,108,91,102,88,97,84,90,82,83,81,76,79,69,79,62,79,58,85,54,90,48,93,42,97,37,92,119,65,117,72,118,79,121,86,123,93,124,101,125,108,126,116,126,123,127,130,128,138,129,145,130,153,130,161,130,161,125,159,120,163,118,169,121,174,125,179,127,185,128,191,129,197,131,203,134,209,138,214,144,213,148,208,99,160,102,156,107,155,110,152,112,148,116,144,119,141,121,145,118,148,115,152,115,157,114,162,113,166,109,170,108,174,106,179,105,183,110,183,114,184,116,188,114,193,114,197,117,201,119,205,121,209,122,214,125,218,127,221,123,223,118,224
278,60,143,60,139,59,134,58,130,57,126,54,122,55,118,56,114,56,109,58,105,60,101,63,99,67,97,70,94,74,92,78,90,82,88,87,88,91,88,95,88,99,91,103,94,106,96,109,100,112,103,113,107,115,111,117,115,118,119,117,124,118,128,119,132,117,136,114,140,112,143,109,147,106,150,102,152,99,155,98,159,32,75,30,79,27,83,25,87,23,91,24,96,28,98,32,98,36,95,38,91,41,87,44,84,48,81,49,77,49,72,76,172,70,171,64,168,59,164,53,160,47,159,41,159,34,157,30,153,28,147,31,141,34,135,38,130,40,124,38,118,32,119,34,113,38,109,44,111,47,117,50,122,51,128,50,134,47,139,50,144,51,66,57,68,64,70,71,72,77,74,84,76,91,76,97,76,103,79,109,77,115,80,119,86,122,92,123,99,119,104,115,101,112,95,107,90,101,87,96,83,89,82,82,81,75,80,69,79,62,79,59,85,54,90,48,93,42,97,38,92,118,65,117,72,118,79,121,86,123,93,124,100,125,108,126,115,127,122,127,130,128,137,129,144,130,152,130,160,130,160,124,158,120,162,118,168,121,173,125,178,127,184,128,191,129,197,130,203,134,208,138,213,144,213,148,208,99,159,103,156,107,155,110,151,112,147,116,144,119,140,122,142,120,146,117,149,115,154,114,158,111,162,108,165,107,170,106,175,106,179,110,181,114,182,116,186,115,191,114,195,116,200,117,204,119,208,122,212,125,216,126,219,121,221,117,223
279,59,143,60,139,58,134,57,130,56,125,54,121,52,117,49,114,46,110,45,106,47,101,51,99,55,98,60,98,64,96,68,94,73,93,77,93,82,93,87,94,91,96,95,97,99,100,103,103,106,106,109,109,112,113,115,117,117,121,118,125,120,130,121,134,120,138,117,141,114,145,111,148,106,150,102,152,98,153,96,157,32,75,30,79,27,83,25,86,22,90,23,94,27,97,31,97,35,95,38,92,41,88,44,85,47,82,48,77,49,73,76,171,70,169,64,166,58,164,52,161,46,159,39,158,33,156,29,151,27,145,29,139,33,134,37,129,39,123,37,117,31,118,32,112,37,109,43,111,46,116,48,122,49,128,49,134,45,139,48,144,51,67,58,68,65,71,71,74,79,75,86,76,93,75,100,78,106,80,113,80,118,85,121,92,124,99,124,106,121,112,117,106,114,99,110,94,105,89,98,87,93,83,85,82,78,80,71,79,64,79,59,84,55,90,49,93,42,96,37,91,116,64,117,71,119,78,121,86,123,92,124,100,125,107,126,114,127,122,128,129,128,136,129,144,130,151,130,158,130,158,124,157,119,161,118,167,122,172,126,176,127,183,127,189,129,195,130,202,133,207,137,212,143,214,147,209,99,158,104,156,108,156,113,154,115,150,117,146,121,143,126,142,125,147,121,150,118,153,116,158,115,163,112,167,109,170,107,175,109,179,114,180,118,183,118,187,115,191,112,194,115,197,117,201,119,206,122,210,124,215,127,218,123,221,118,222
280,56,140,57,136,55,131,55,126,53,122,51,117,48,114,44,112,41,108,39,104,38,99,43,97,47,94,51,92,56,92,60,90,65,88,69,88,74,89,78,91,83,92,87,95,91,98,95,100,99,103,102,106,107,108,110,111,112,115,113,120,115,124,115,129,114,134,112,138,110,142,108,146,104,149,99,149,94,149,93,153,31,75,28,79,25,83,22,86,21,91,22,95,26,98,31,98,35,96,37,92,40,88,44,85,46,81,49,77,49,72,75,169,69,167,63,164,57,162,51,159,45,157,39,155,33,154,28,150,26,144,26,137,28,131,33,126,35,121,32,116,27,113,30,108,36,105,41,107,44,113,47,119,47,125,45,131,42,137,45,141,53,67,60,68,66,71,73,73,79,75,86,76,93,75,99,76,106,78,112,76,118,80,121,86,123,92,124,99,120,105,115,102,112,96,108,91,103,87,97,84,91,81,84,81,77,79,71,78,64,78,60,83,55,88,49,91,44,95,38,91,118,65,118,72,120,79,122,86,124,94,124,101,125,108,126,116,127,123,128,131,128,138,129,145,130,153,129,157,129,157,123,157,120,162,121,168,124,173,126,179,127,185,128,191,129,198,131,203,135,208,139,213,145,213,148,208,96,153,100,150,104,147,109,146,113,144,116,139,121,139,123,142,118,144,115,147,112,151,111,156,109,161,106,165,103,169,102,174,105,176,110,176,113,180,116,184,114,189,113,194,116,198,117,202,119,206,121,211,124,215,127,219,123,222,118,223
281,56,141,57,136,56,132,55,128,54,123,53,119,51,114,48,111,45,107,43,103,42,99,46,96,50,94,55,93,59,93,64,91,68,90,73,90,78,90,82,92,86,94,90,96,94,98,99,100,102,103,105,106,110,108,112,111,114,116,115,120,116,125,116,130,115,134,113,138,110,142,108,146,104,149,100,150,95,150,94,154,31,75,28,79,24,82,21,86,19,90,21,95,25,98,30,98,34,96,37,92,40,88,43,84,47,81,49,77,49,72,74,169,68,167,62,164,56,161,50,159,43,156,37,155,31,153,26,148,26,141,27,135,31,129,34,124,34,118,27,117,26,112,30,107,36,106,42,109,44,115,48,121,47,127,46,133,42,139,46,141,53,66,59,68,66,71,72,73,79,74,86,75,93,75,99,76,106,77,112,76,118,81,121,86,123,93,123,99,119,104,115,100,111,94,107,89,101,87,95,83,89,81,82,81,76,79,69,78,62,79,59,85,54,89,49,93,43,95,37,91,118,65,118,72,120,80,123,87,125,94,125,101,125,109,126,116,127,123,128,131,128,138,129,145,130,153,130,158,130,158,124,157,119,161,119,168,123,173,127,178,127,184,128,191,130,197,132,203,135,209,139,213,145,213,149,208,97,156,100,153,103,149,108,148,110,144,114,141,118,139,118,142,114,144,112,148,112,153,110,158,107,161,105,165,103,170,103,175,106,178,110,179,114,182,117,186,114,189,114,194,116,198,117,202,119,205,122,210,124,214,126,218,123,221,118,222
282,59,143,60,139,58,135,57,130,56,126,54,122,55,118,55,114,55,110,55,105,58,102,62,100,66,99,70,97,74,95,78,94,83,93,87,93,92,93,96,94,100,96,104,98,107,101,110,105,113,107,116,111,118,114,120,118,121,123,121,127,121,132,121,136,118,139,115,142,112,146,109,149,105,152,101,153,97,155,98,159,31,74,28,78,25,82,22,86,20,91,21,95,24,98,29,98,34,96,36,92,39,88,43,84,47,81,49,77,49,72,75,171,69,169,62,166,56,162,50,160,43,158,37,156,31,152,28,146,29,140,31,133,36,128,38,122,35,117,28,117,26,114,29,107,35,106,41,109,45,114,48,120,50,126,49,133,45,139,48,143,51,66,58,68,64,71,71,74,78,75,85,76,92,75,99,77,106,79,113,79,118,83,121,89,124,96,124,103,122,110,117,106,114,100,110,94,105,89,99,87,93,82,86,81,79,80,72,79,65,79,60,84,55,89,49,92,43,96,38,92,119,65,117,72,118,80,121,86,123,93,125,101,125,108,126,116,127,123,127,131,127,138,129,145,130,153,130,159,130,159,124,158,120,163,120,169,124,174,126,180,128,186,128,192,129,198,131,204,135,209,139,214,145,213,149,208,99,159,103,156,107,155,111,153,114,148,117,145,121,143,125,144,122,148,118,150,116,154,115,159,113,163,111,167,108,171,106,175,107,180,112,180,116,182,117,187,115,191,113,194,115,198,118,203,120,207,122,211,125,215,127,219,123,222,118,223
283,56,141,57,137,56,133,55,128,54,124,53,120,53,116,53,112,53,107,53,103,57,101,61,99,65,97,69,96,73,94,77,92,81,92,85,91,90,91,94,91,98,93,101,96,105,99,108,102,110,105,114,108,116,112,118,116,119,120,118,124,118,128,117,132,115,136,112,140,110,143,108,147,105,150,101,152,97,155,96,158,31,75,27,79,24,82,21,86,19,91,21,96,24,99,29,99,33,96,37,93,40,89,43,84,47,81,49,77,49,72,74,168,67,166,61,163,55,160,48,157,41,155,35,153,29,148,26,142,26,135,29,128,34,124,36,117,31,113,24,115,22,110,26,104,33,103,39,105,43,110,45,117,48,123,46,130,43,136,46,141,52,66,59,68,65,71,71,73,78,74,85,75,92,76,99,76,105,78,112,76,117,79,121,85,123,92,124,99,121,105,116,103,114,96,109,92,104,87,98,84,91,82,84,81,78,79,71,79,64,79,59,84,55,89,49,93,43,96,38,92,118,65,118,72,119,80,121,87,124,94,124,101,125,108,126,116,127,123,128,131,128,138,129,145,130,153,131,160,131,160,125,159,120,163,121,169,123,175,126,180,128,187,129,193,130,199,131,205,135,210,140,214,145,212,149,207,98,159,101,156,105,153,109,152,111,147,114,144,118,141,120,143,117,147,114,150,114,155,113,160,112,165,109,168,107,173,105,177,104,181,109,182,114,182,116,186,116,191,114,195,116,199,118,204,120,208,122,212,125,216,127,220,123,223,118,224
284,55,140,56,136,55,132,55,127,53,123,52,119,53,115,52,111,53,107,54,103,58,100,61,97,65,95,69,93,72,91,76,89,80,88,85,88,89,88,93,89,98,90,101,93,104,96,107,99,109,103,112,106,114,109,116,114,117,118,117,122,117,126,116,131,115,135,112,138,110,142,108,146,104,149,100,151,96,152,95,156,31,75,27,79,24,83,21,86,19,91,21,95,24,99,29,99,34,97,36,93,40,89,43,85,46,81,49,77,49,72,74,167,67,165,61,162,55,159,49,157,42,156,36,154,30,149,26,144,26,137,27,131,31,125,35,120,33,114,26,114,23,109,27,104,34,103,40,105,43,111,46,117,48,123,45,129,42,135,45,140,51,66,58,68,64,70,70,72,77,74,84,75,91,75,97,76,104,78,110,77,116,79,120,85,123,92,124,98,121,104,115,101,113,95,108,90,102,87,96,84,90,82,83,81,77,79,70,79,63,79,59,85,54,90,49,94,43,97,38,92,118,66,117,73,118,80,122,87,124,94,124,101,125,109,126,116,127,123,128,131,128,138,129,145,130,153,130,160,130,160,124,158,119,161,117,167,120,173,125,176,127,183,127,189,129,196,131,202,134,208,138,213,144,213,148,208,97,158,100,155,104,152,108,150,110,145,114,142,117,139,120,142,117,145,114,149,113,154,112,158,112,163,109,167,106,171,105,175,104,180,108,181,113,182,116,186,115,190,114,195,116,199,118,204,121,208,122,212,124,216,127,220,122,222,118,224
285,59,142,60,138,59,134,57,130,56,125,54,121,55,117,57,113,57,109,59,105,60,101,63,98,67,95,70,92,74,90,78,88,82,86,87,86,91,86,95,87,99,90,103,92,107,94,109,98,111,102,114,106,115,110,117,114,118,118,117,122,118,127,118,131,117,135,114,139,111,142,108,146,106,149,102,151,98,153,97,157,32,75,29,79,26,82,24,86,21,90,23,95,26,97,31,97,34,95,37,91,40,88,43,84,47,81,48,77,49,72,75,171,69,170,63,167,57,164,52,161,45,159,39,158,33,155,29,150,29,144,30,138,34,133,37,128,38,121,34,118,30,115,33,110,39,108,44,112,46,117,49,122,49,129,48,135,45,140,49,144,52,66,58,68,65,71,71,73,78,74,85,75,91,75,98,76,104,78,110,76,116,80,120,85,122,91,123,98,119,103,115,100,112,94,107,90,101,87,95,83,89,81,82,81,76,79,69,79,62,79,59,85,53,89,48,93,42,96,37,91,118,65,117,72,119,80,122,86,124,94,124,101,125,108,126,116,127,123,128,131,128,138,129,145,130,153,130,159,130,159,124,157,119,161,118,167,121,173,126,177,127,183,128,190,129,197,131,203,134,209,139,214,145,212,149,207,99,159,102,155,107,153,109,150,111,146,115,143,118,139,121,141,118,145,115,149,114,154,113,159,111,163,109,168,106,172,104,176,103,181,108,182,113,182,116,186,114,190,113,195,116,198,117,203,121,207,122,212,124,216,127,220,123,222,118,224
286,60,144,61,140,59,136,57,131,56,127,54,123,53,119,51,115,50,111,51,106,53,103,58,102,62,101,67,100,71,98,76,97,80,96,84,95,89,95,93,96,98,96,102,99,105,101,109,104,112,107,115,111,118,115,121,118,123,122,123,127,123,131,124,136,122,140,119,142,115,146,112,149,108,151,104,152,100,154,98,157,32,75,29,79,27,83,25,87,22,90,23,95,27,97,31,97,35,95,38,91,40,87,43,84,47,81,48,77,49,72,76,172,70,170,64,167,59,164,53,161,47,160,40,159,34,157,30,152,29,146,31,140,35,135,38,129,40,123,37,119,32,117,34,111,39,109,44,112,47,118,50,123,50,129,50,135,46,140,50,145,51,66,58,68,65,71,72,73,79,74,86,76,93,75,100,78,107,78,114,79,119,84,122,91,124,98,125,105,122,112,117,108,114,101,110,95,106,89,99,88,93,83,86,82,79,80,72,79,64,79,59,84,55,89,48,93,42,96,37,91,118,65,117,72,118,80,121,87,123,94,125,101,125,108,126,115,127,123,128,130,127,137,129,145,130,152,130,159,130,159,124,157,119,161,119,168,122,173,126,178,127,184,128,191,130,197,132,203,135,209,139,214,145,213,149,208,100,158,105,156,109,156,113,153,115,148,118,145,123,142,127,143,125,147,120,149,118,153,116,158,115,162,113,167,109,170,107,174,108,179,112,180,116,181,117,186,115,190,113,194,115,198,117,203,120,207,122,211,124,215,127,219,123,221,118,223
287,57,143,58,138,57,134,56,129,55,124,53,119,51,115,48,111,44,108,41,104,38,100,40,96,45,96,50,95,55,95,60,95,64,94,69,93,74,93,79,94,83,95,88,98,92,100,97,101,101,104,105,106,109,110,113,112,115,116,117,121,118,126,119,131,117,135,115,139,112,143,110,148,106,151,101,151,96,151,94,155,32,75,29,79,26,82,24,86,22,91,23,95,27,97,31,98,34,95,37,91,40,88,43,84,46,81,48,77,49,72,76,170,70,168,64,166,59,163,53,160,47,159,40,158,35,155,29,151,28,145,28,139,31,134,35,128,37,122,35,117,30,115,32,109,38,107,43,109,46,115,48,121,49,127,47,133,44,139,47,143,53,66,60,67,66,70,72,73,79,74,85,76,92,75,99,75,105,77,112,76,117,80,121,85,123,92,123,99,121,105,116,102,112,97,108,92,103,87,97,85,92,81,85,81,78,80,72,78,65,79,60,83,55,87,49,91,43,93,37,91,117,64,117,71,119,78,121,85,123,92,124,100,125,107,126,114,127,122,127,129,128,136,129,143,130,151,129,157,129,157,123,155,119,160,119,166,123,171,126,177,127,183,128,190,129,196,131,202,135,208,139,213,144,213,148,208,97,155,101,152,106,150,110,149,114,146,116,141,120,139,125,141,123,144,118,146,116,150,114,155,112,160,111,164,107,168,105,172,106,177,111,177,115,181,117,185,115,189,113,193,115,197,118,202,120,206,122,210,124,215,127,218,123,221,118,223
288,57,142,58,137,57,133,56,128,55,124,53,119,51,115,48,111,45,107,42,104,40,99,42,95,47,95,51,95,56,95,61,96,66,96,71,95,75,96,80,96,85,97,89,99,94,100,97,103,102,105,106,108,110,110,113,113,115,118,117,122,119,126,119,131,118,136,116,140,113,144,110,147,106,150,101,151,96,151,95,155,31,75,28,79,26,83,24,87,22,91,23,94,27,97,31,97,35,94,38,91,41,87,43,84,46,80,48,76,49,72,76,171,70,170,64,167,59,164,53,161,47,159,41,158,35,156,30,152,27,147,27,141,30,135,34,130,36,124,36,118,30,116,32,110,37,107,42,110,46,115,48,121,48,127,47,133,44,139,47,143,52,66,59,67,65,70,72,73,79,74,85,76,92,75,99,76,106,78,112,76,118,80,121,86,122,93,123,100,123,107,118,105,114,99,110,94,105,88,99,86,93,82,86,81,79,81,73,79,66,78,60,82,55,87,49,91,43,93,37,90,117,64,117,71,119,78,121,85,123,92,123,100,124,107,126,114,126,121,127,128,127,136,128,143,129,150,129,157,129,157,123,155,118,160,118,166,122,171,126,176,126,182,127,189,128,195,130,202,134,207,138,212,144,214,148,209,99,157,102,153,106,152,110,148,112,144,116,141,119,137,122,140,119,144,116,148,114,152,112,157,109,161,107,165,103,169,104,174,106,178,111,179,115,181,117,185,114,189,114,194,116,198,117,203,120,207,121,212,125,215,126,219,122,221,117,222
289,59,144,60,140,60,135,58,131,57,127,55,123,53,118,51,114,51,110,52,105,54,102,59,101,63,101,68,101,72,100,77,99,81,98,86,98,90,98,95,97,99,99,103,101,107,103,110,107,113,110,117,113,119,116,122,120,123,124,123,129,124,133,124,138,120,141,117,143,114,147,111,150,106,151,102,153,98,154,98,158,32,75,29,78,27,82,24,86,22,90,23,95,26,98,31,98,34,95,37,91,40,87,43,84,47,81,48,77,49,72,75,171,69,169,63,166,58,163,52,160,46,159,39,158,33,155,29,150,29,144,30,138,33,133,38,128,39,122,35,118,30,116,32,110,38,108,44,111,46,117,50,121,50,128,49,134,46,139,49,144,51,66,58,68,65,71,71,74,78,75,86,76,93,75,100,77,106,79,113,79,118,85,121,92,123,98,123,106,121,112,117,108,114,101,109,95,105,90,99,87,93,83,86,82,79,80,72,79,64,79,59,83,55,89,49,93,43,96,37,92,118,65,117,72,118,80,121,86,123,93,124,101,125,108,125,115,126,123,127,130,127,137,129,145,130,152,130,158,130,158,124,156,119,160,118,166,121,171,125,176,127,182,128,188,129,195,131,201,133,207,137,212,143,212,148,208,100,157,105,156,110,157,113,154,115,150,118,146,122,143,127,142,126,146,122,149,118,152,118,157,116,162,113,166,108,168,107,172,109,176,114,178,118,181,118,186,114,188,112,192,115,196,117,200,119,205,122,209,123,214,126,217,122,220,117,222
290,59,143,60,139,59,134,57,130,56,126,53,122,53,118,51,114,52,110,53,105,56,102,60,101,65,102,69,101,74,100,78,98,82,98,87,98,91,98,96,97,100,98,104,101,107,104,110,107,114,110,116,113,119,117,122,121,123,125,124,129,124,134,124,138,120,141,117,144,114,147,110,150,106,152,102,153,98,155,98,159,32,75,29,78,27,82,25,87,23,91,23,95,27,98,31,98,35,95,37,91,40,87,43,84,47,81,48,77,49,72,76,172,70,170,65,167,59,163,53,160,47,159,41,159,35,156,30,152,29,146,30,139,33,134,37,129,39,123,36,118,31,116,33,110,38,108,44,111,46,116,49,121,50,128,49,134,46,139,49,144,51,66,58,68,64,71,71,74,78,75,86,76,93,75,100,77,106,79,113,79,118,85,121,91,123,98,124,105,121,112,117,108,114,101,110,95,105,90,99,87,93,83,86,82,79,80,72,79,65,79,60,84,55,89,49,93,43,96,37,92,118,65,117,72,118,79,121,86,123,93,124,100,125,108,125,115,127,122,127,129,127,137,129,144,130,151,130,158,130,158,124,156,119,159,118,166,121,171,126,176,127,182,127,188,129,195,131,201,134,207,137,212,143,212,148,208,99,157,104,156,109,156,113,154,115,150,118,146,122,143,127,143,127,147,123,150,119,153,117,158,116,163,112,166,108,168,107,173,111,177,116,177,118,181,117,186,113,188,112,192,115,196,117,201,120,205,122,210,124,214,126,218,122,220,117,222
291,58,143,59,139,58,134,57,130,55,126,53,122,52,118,48,114,47,110,46,105,49,102,53,101,58,101,63,101,67,99,72,98,76,98,81,97,85,97,90,98,94,98,99,100,103,102,106,105,109,108,113,112,116,115,119,118,121,122,122,127,123,131,123,136,121,140,117,143,114,146,111,150,107,152,103,153,98,155,97,158,32,75,29,79,27,83,25,87,22,91,23,95,27,98,31,98,35,95,37,91,40,87,43,84,47,82,48,77,49,73,76,171,70,169,64,166,58,163,52,160,46,158,39,157,33,155,29,150,29,144,29,137,33,132,37,127,37,120,33,116,29,115,32,109,37,107,43,110,46,115,48,121,49,127,48,134,45,139,48,144,52,67,59,68,66,71,73,74,80,75,87,76,95,75,101,79,108,79,114,82,118,88,121,95,124,102,125,109,121,114,117,109,114,102,110,96,105,90,99,87,93,83,86,82,79,80,71,79,64,79,59,84,55,89,48,93,42,96,37,91,117,65,118,72,119,79,121,87,124,94,125,101,125,108,126,115,127,123,128,130,128,137,129,145,130,152,130,158,130,158,124,156,119,160,118,166,121,171,125,176,127,182,127,189,129,195,131,201,134,207,138,213,143,214,148,209,100,158,105,156,110,157,113,154,115,149,119,145,124,143,127,146,123,149,119,151,118,156,116,161,113,165,108,168,105,172,105,176,111,177,116,176,119,180,117,184,113,188,112,192,115,196,117,201,120,206,123,210,125,214,126,217,122,220,117,222
292,55,141,57,137,56,133,55,128,54,124,53,119,51,115,48,112,46,108,44,104,45,99,49,98,53,97,58,97,63,96,67,94,71,94,76,94,80,94,85,94,89,95,94,96,98,98,102,100,105,104,108,106,111,110,114,114,116,118,118,122,119,126,118,131,118,135,116,140,113,143,110,146,106,149,102,151,98,153,96,157,31,75,29,79,26,83,23,87,22,91,23,96,26,99,31,99,35,96,38,93,40,88,43,84,46,82,49,78,49,73,76,169,69,168,63,165,58,162,52,158,46,157,39,156,33,153,28,149,26,142,26,136,29,130,34,125,36,119,33,114,27,113,30,107,36,104,41,106,44,112,46,118,48,124,46,130,43,136,45,142,52,67,59,68,65,71,72,74,79,75,86,76,93,75,99,78,105,81,112,82,115,89,119,94,121,101,122,108,119,112,115,106,111,101,107,95,102,90,96,86,90,82,83,81,77,80,70,79,63,79,59,85,54,90,48,94,42,96,37,91,117,65,118,72,119,80,120,87,123,94,124,101,125,109,126,116,127,123,128,131,128,138,129,145,130,153,130,160,130,160,125,158,120,162,119,169,122,173,126,178,127,184,128,190,130,197,131,203,134,208,138,213,144,213,148,208,99,159,103,156,107,155,111,153,114,149,116,145,120,143,125,143,125,146,121,149,117,151,116,156,115,161,113,165,110,169,108,173,107,177,111,178,115,181,116,186,115,190,113,194,115,197,118,201,120,206,123,209,125,214,127,218,123,221,119,222
293,55,141,57,137,56,133,55,128,54,124,52,120,51,116,48,112,46,108,45,104,45,99,50,97,54,96,58,96,62,94,66,92,71,91,75,90,80,90,84,91,89,92,93,94,96,97,100,99,103,102,107,105,109,109,112,113,114,117,116,121,116,125,116,130,115,134,114,139,111,142,108,146,105,149,101,151,97,153,96,157,31,75,28,79,26,83,23,87,22,91,22,96,26,99,31,99,34,96,37,93,40,89,42,85,46,81,49,78,49,73,76,169,70,167,64,164,58,161,52,158,46,157,39,156,33,153,28,148,26,142,26,136,29,129,33,124,35,118,31,114,27,110,31,105,37,103,42,106,44,113,46,118,47,125,45,131,42,136,45,141,52,67,59,69,65,71,72,73,78,75,85,76,92,75,98,77,104,80,110,83,114,88,117,94,120,101,121,107,118,111,113,106,109,100,106,95,101,90,96,85,90,81,83,81,76,81,69,79,63,80,58,85,54,90,48,94,41,96,37,91,118,66,118,73,119,81,121,87,122,95,124,102,125,109,126,116,127,124,128,131,128,138,129,145,130,153,131,160,131,160,126,159,122,164,122,170,124,175,127,181,128,187,128,193,130,199,131,205,135,210,139,214,145,212,148,207,99,159,102,155,106,152,110,150,113,146,116,143,121,141,124,144,121,146,117,148,114,152,114,157,113,162,111,166,109,171,105,174,104,178,107,180,112,181,116,184,116,189,115,194,114,198,118,201,120,206,122,210,125,214,127,218,124,221,119,223
294,56,142,57,138,57,133,55,129,55,124,52,121,51,116,48,113,46,109,45,104,46,100,50,98,54,97,59,95,63,93,67,91,71,90,76,89,80,89,85,89,89,91,93,93,97,96,100,98,103,102,106,105,109,109,112,113,113,117,115,121,115,126,115,130,115,135,114,139,111,142,109,146,105,148,102,152,98,154,96,158,31,75,29,79,26,83,23,86,22,91,23,95,27,98,31,98,35,95,38,91,41,88,43,84,47,81,49,77,49,72,76,169,70,167,64,165,58,161,53,159,46,157,40,156,34,154,29,150,26,144,26,138,28,132,32,127,35,121,34,115,28,113,30,108,36,104,41,106,44,112,46,118,48,124,46,130,43,136,45,141,52,67,59,69,65,71,72,73,79,75,85,76,92,76,98,79,105,81,111,85,114,91,117,97,120,103,121,110,117,113,113,107,110,101,106,96,101,91,95,86,90,82,83,81,76,81,69,80,63,80,58,85,54,90,48,94,42,96,37,91,118,66,118,73,118,81,120,88,122,95,124,102,125,109,126,116,127,124,128,131,128,138,129,146,130,153,131,162,131,162,125,161,121,166,121,172,124,176,127,182,127,188,129,193,130,199,132,205,135,210,139,214,145,212,148,207,100,161,102,157,106,155,110,153,112,148,115,144,119,143,124,144,122,146,117,147,114,151,114,156,114,160,111,165,109,168,108,173,106,177,105,182,110,183,114,184,117,188,117,193,115,197,115,201,118,205,121,209,123,213,126,217,123,221,119,223
295,56,142,57,138,57,133,55,129,55,125,52,121,51,117,49,113,46,109,46,105,48,101,52,98,56,97,61,97,64,94,68,92,73,91,77,89,82,89,86,89,90,90,94,93,98,96,101,98,104,102,107,105,110,109,112,113,114,117,115,121,116,126,116,130,116,135,114,139,112,143,109,146,105,148,102,151,98,154,96,158,31,75,28,78,26,83,24,87,22,91,23,96,26,99,31,99,34,96,37,92,40,88,43,85,46,82,49,78,49,73,76,170,70,168,64,165,58,162,52,160,45,158,39,156,33,154,28,150,26,143,27,137,29,131,33,126,36,120,34,114,27,113,30,108,36,105,41,107,44,113,47,119,48,125,46,131,43,137,46,142,52,67,59,69,65,71,72,73,79,75,85,76,92,75,98,77,104,81,111,84,113,90,117,96,120,102,121,109,118,112,114,107,110,101,106,95,101,90,96,86,90,82,83,81,76,81,69,80,62,80,58,86,53,91,47,94,41,97,37,91,118,66,118,73,118,81,120,88,122,95,124,102,125,110,126,117,127,124,128,132,128,139,129,146,130,154,131,163,131,163,125,161,120,165,120,171,124,175,126,181,127,187,128,193,131,199,132,205,136,210,140,214,146,212,150,207,99,161,102,158,106,156,110,155,111,150,113,146,117,144,122,144,121,147,117,149,114,153,114,158,113,162,111,166,109,171,107,175,105,180,106,184,111,185,115,185,117,190,118,194,115,198,116,202,119,206,121,210,124,214,126,218,124,222,119,223
296,57,141,58,137,57,132,55,128,54,124,52,120,51,115,49,111,47,107,49,104,53,101,56,98,61,97,65,95,68,92,72,90,77,89,81,87,86,87,90,87,94,89,98,91,101,95,104,98,107,102,109,106,112,109,113,113,115,118,116,122,116,126,117,131,117,135,115,139,112,143,109,146,105,148,102,151,98,153,96,157,32,75,29,78,27,83,24,86,22,91,23,95,26,98,31,98,35,96,38,92,41,88,43,84,46,81,49,78,49,73,76,169,70,167,63,165,57,162,51,159,45,157,38,156,32,154,28,149,27,142,27,136,31,130,35,125,37,118,32,115,27,113,31,107,36,105,42,107,45,113,47,119,48,125,47,132,43,137,46,142,52,66,58,69,65,72,71,73,78,75,85,76,92,76,98,76,104,79,110,80,114,86,117,92,121,98,122,105,117,108,113,102,110,96,105,92,101,87,94,84,88,81,81,81,75,80,68,79,61,81,58,86,53,91,47,95,41,98,38,92,117,66,118,73,119,80,121,87,122,95,124,102,125,109,126,116,127,124,128,131,128,138,129,145,130,153,131,162,131,162,125,161,121,166,121,172,124,176,127,182,127,188,129,194,130,200,132,206,135,211,140,214,145,212,149,207,100,162,103,158,107,157,111,154,112,150,115,146,119,144,123,145,120,148,116,150,114,155,114,160,113,164,111,169,109,173,107,177,106,182,106,185,111,185,116,186,118,190,117,195,115,199,117,203,120,207,122,211,124,215,127,219,124,222,119,223
297,56,140,57,136,56,131,56,127,54,123,53,119,53,114,53,110,54,106,57,103,60,100,63,97,67,94,70,91,74,89,77,86,81,85,85,84,90,83,94,84,98,86,102,88,106,90,109,94,111,97,113,101,115,105,116,109,117,114,116,118,116,123,116,127,115,131,114,136,111,139,108,142,105,145,102,148,99,152,97,156,32,75,29,79,26,82,23,86,21,90,22,95,25,98,30,98,34,96,37,92,40,88,43,85,46,82,49,78,49,73,75,168,69,166,63,163,57,161,50,159,44,157,38,155,32,153,28,148,27,141,28,135,32,129,35,124,36,117,30,115,26,112,30,107,36,105,41,107,45,112,46,119,48,124,47,131,44,137,46,142,52,66,58,68,65,71,71,73,77,75,84,75,91,75,97,75,103,78,109,77,115,80,118,86,120,92,123,98,119,103,114,101,112,95,107,90,102,86,96,83,89,81,83,81,76,80,69,79,63,80,58,85,54,90,49,94,43,97,38,93,119,65,118,72,119,80,122,86,124,94,124,101,125,109,126,116,127,124,127,131,128,139,129,146,130,154,131,163,131,163,125,161,121,165,119,171,122,175,126,180,127,186,127,192,130,198,131,204,134,209,138,214,143,212,147,207,99,159,101,155,105,153,110,152,111,148,114,144,119,142,123,143,120,146,116,148,113,152,113,157,112,162,110,166,108,170,106,174,104,179,106,182,111,183,115,185,116,189,115,194,115,199,117,203,119,207,122,211,124,215,127,219,124,222,119,223
298,58,142,59,138,58,133,57,129,56,125,55,121,57,117,60,115,61,110,63,106,66,104,70,101,72,98,76,95,79,93,84,92,87,90,92,89,96,88,100,88,103,91,107,93,111,95,113,99,115,103,118,107,119,111,120,115,119,119,119,124,119,128,118,132,116,136,113,140,110,143,109,147,107,151,103,153,99,155,99,159,32,75,28,78,25,82,22,86,20,90,21,95,24,98,29,98,34,96,37,92,39,88,42,84,46,81,48,77,49,72,75,170,69,168,63,165,56,162,50,160,44,157,37,156,31,153,29,146,29,140,30,133,35,129,38,123,35,117,29,117,26,112,29,107,36,105,42,108,45,114,48,119,49,126,48,133,45,138,48,143,51,66,57,68,64,70,70,73,77,75,84,76,90,76,97,75,103,78,110,76,116,78,121,83,123,90,123,96,119,102,115,99,112,93,108,87,101,87,95,83,89,82,82,81,75,80,68,79,62,80,59,86,54,90,48,94,42,97,37,92,118,66,118,73,119,81,122,88,124,95,124,102,125,110,127,117,127,124,128,132,129,139,129,146,130,154,131,162,131,162,125,161,121,165,120,171,124,176,126,181,127,187,129,193,130,199,131,205,135,210,139,214,145,212,149,207,100,161,102,157,106,155,110,153,111,148,115,145,118,142,122,142,118,145,115,149,114,154,114,158,112,163,109,166,107,171,106,175,104,180,106,184,110,184,115,185,117,188,117,193,115,198,116,202,118,207,121,211,124,215,126,219,123,222,118,223
299,59,144,60,140,60,135,58,131,57,127,55,123,55,118,54,114,52,110,52,106,52,101,55,99,60,99,64,98,68,96,72,95,76,94,81,92,85,92,89,94,94,94,98,96,101,99,105,101,108,104,111,108,114,111,116,115,118,119,119,124,119,128,119,133,118,137,116,141,113,144,110,147,106,150,104,153,100,156,99,160,32,75,29,79,26,82,22,86,20,90,21,95,25,98,30,99,34,97,36,93,39,89,42,85,46,82,49,78,49,73,76,170,69,169,63,166,57,163,51,160,44,158,38,156,32,153,28,147,29,141,31,134,36,129,38,123,37,116,31,116,26,114,29,108,35,106,41,108,45,113,47,119,50,125,49,132,46,138,48,144,52,66,59,68,65,71,72,74,79,75,86,76,93,75,100,77,106,79,113,77,118,82,122,88,124,95,124,102,122,108,117,105,114,98,110,92,105,88,99,85,92,82,85,81,78,80,71,79,64,79,59,84,55,90,49,93,43,96,38,91,118,65,117,72,119,80,121,87,123,94,124,101,125,108,126,116,127,123,127,131,128,138,129,145,130,153,132,163,132,163,126,161,121,164,118,170,122,175,126,180,128,186,129,192,130,199,131,205,134,211,139,214,145,211,150,207,101,162,104,159,109,158,112,156,113,151,116,148,120,146,124,147,121,150,117,153,116,158,116,162,114,167,111,170,108,174,107,179,105,183,107,185,112,184,116,187,117,191,115,195,115,200,118,204,120,208,122,213,125,216,127,220,123,222,118,224
300,59,143,61,139,60,135,57,131,57,126,55,121,53,117,51,113,48,109,46,105,45,100,45,96,50,95,55,95,59,94,64,92,68,90,73,89,78,89,82,90,86,92,91,94,94,98,98,101,102,103,105,107,108,110,111,114,113,118,115,123,116,127,117,132,117,136,115,140,113,144,108,147,105,150,101,152,97,154,97,159,32,75,29,79,27,83,24,86,22,90,23,95,27,97,31,98,34,95,38,91,40,88,43,84,47,81,49,78,49,73,76,170,70,169,64,166,59,163,53,160,47,159,40,158,34,156,29,152,28,146,30,140,33,134,37,129,39,123,36,117,30,116,32,111,37,108,43,110,46,115,48,121,50,127,49,133,46,139,49,143,52,67,59,68,65,70,72,73,78,75,85,75,92,75,98,77,105,78,112,78,116,83,120,89,122,95,123,102,120,108,115,103,112,97,108,92,102,88,96,84,90,81,83,81,77,80,70,79,63,80,59,84,54,90,48,93,42,96,37,91,118,65,118,72,119,80,121,86,123,93,124,101,125,108,126,115,127,123,127,130,128,137,129,144,130,152,131,163,131,163,126,160,120,162,117,168,118,174,124,177,127,183,128,190,129,196,130,202,133,208,137,213,144,211,149,207,100,161,103,157,108,156,111,154,112,149,116,146,118,142,122,142,122,147,118,150,116,154,116,159,114,164,111,168,109,172,107,177,105,181,106,184,111,183,115,185,116,190,115,195,116,199,118,203,120,208,122,212,124,216,127,220,123,222,118,224
301,61,143,61,138,60,134,58,130,56,126,55,121,55,117,54,112,53,108,54,104,55,99,58,96,62,95,65,91,69,88,73,86,77,85,81,84,86,85,90,86,94,87,97,91,101,93,104,97,106,101,109,104,111,109,112,113,114,117,115,121,115,126,116,130,117,135,114,139,112,143,110,146,106,149,102,151,98,154,98,158,32,75,30,79,28,83,25,86,22,90,23,94,27,97,31,97,35,95,38,91,40,88,43,84,47,81,49,78,49,73,76,171,70,169,64,166,59,163,53,161,46,160,40,159,34,157,29,152,29,147,31,141,35,135,38,130,40,124,38,118,32,118,33,112,39,109,44,112,47,116,50,122,50,128,51,134,47,139,49,144,52,66,59,68,65,71,71,73,78,74,85,75,92,75,98,76,105,77,111,78,117,82,119,89,122,95,123,102,119,107,115,103,112,96,108,91,102,87,96,84,90,82,83,81,76,80,69,79,62,80,58,85,54,90,48,94,42,97,37,92,119,65,116,72,117,79,121,86,123,93,124,100,125,108,126,115,127,123,127,130,127,138,129,145,130,153,130,160,130,160,124,158,119,161,118,168,121,173,126,177,127,183,128,190,129,196,131,203,134,208,138,213,144,213,148,208,99,159,102,155,107,154,111,152,112,147,116,144,119,140,122,142,121,146,117,149,116,154,115,159,113,163,111,168,109,172,106,176,104,181,108,182,113,182,114,187,115,191,113,196,116,199,117,204,121,207,122,212,124,217,127,220,123,222,118,224
302,61,144,61,139,60,135,58,131,57,127,55,123,55,118,54,114,54,110,55,105,57,102,62,100,66,99,70,97,74,95,78,93,82,91,87,91,91,91,96,91,100,93,103,96,107,99,110,103,113,106,115,110,117,114,120,118,121,122,121,126,122,131,122,135,120,139,117,142,114,145,110,148,106,151,102,153,99,155,98,159,32,75,30,79,27,83,25,87,23,91,24,95,27,98,32,97,36,95,38,91,41,87,44,84,48,81,49,77,49,72,76,172,70,171,64,168,59,164,53,161,47,159,40,159,34,157,30,152,28,146,31,140,34,135,38,130,41,124,38,119,32,119,33,113,38,109,43,112,47,116,49,121,50,128,51,134,47,139,49,144,50,66,57,68,63,71,70,73,77,75,84,76,91,75,97,76,104,79,110,78,116,81,121,87,123,94,123,100,121,107,115,105,113,98,109,92,103,89,97,86,91,82,84,81,77,80,70,79,63,79,59,84,54,89,48,93,42,97,38,91,118,65,117,72,117,80,120,87,123,93,124,101,124,108,125,115,126,123,127,130,127,137,129,145,130,152,130,160,130,160,124,158,119,162,117,168,120,173,126,177,127,183,127,190,129,196,131,202,134,208,139,213,144,213,148,207,100,159,104,156,108,156,112,155,114,150,117,147,121,143,124,143,124,148,120,150,117,154,116,159,114,164,111,167,108,170,105,174,106,179,110,180,115,181,116,186,116,190,113,194,115,198,117,203,119,207,122,211,124,215,127,219,123,221,118,223
303,58,142,59,138,57,133,56,129,54,124,53,120,51,116,47,112,45,108,42,104,44,100,48,97,52,96,57,96,61,94,66,92,70,91,75,91,80,91,84,93,89,94,93,96,97,99,100,102,104,105,107,108,111,110,114,115,116,119,118,123,118,128,119,132,118,137,115,141,112,145,109,148,105,150,101,151,96,152,95,156,32,75,29,79,26,82,23,86,22,91,23,95,27,97,32,98,35,95,38,91,41,88,43,84,47,81,49,77,49,72,76,170,70,168,64,165,58,163,52,160,46,158,39,157,33,155,28,151,27,145,28,138,31,133,35,128,38,122,36,117,30,116,31,111,36,108,42,110,45,115,48,121,48,127,48,133,44,138,47,143,52,67,59,68,65,71,72,74,78,75,85,76,92,75,99,77,105,79,112,79,117,84,121,90,123,97,124,103,120,108,115,103,112,97,107,92,102,88,96,84,90,81,83,81,77,80,70,79,63,80,58,85,53,90,48,94,42,96,37,91,117,65,117,72,119,79,121,86,123,93,124,100,125,108,126,115,127,122,127,129,128,137,129,144,130,151,130,158,130,158,124,156,119,160,119,167,122,172,126,177,127,184,128,190,129,196,131,202,135,208,139,213,144,213,148,208,99,157,103,154,107,154,112,153,115,149,118,145,122,142,126,144,123,147,119,149,116,154,114,158,113,163,110,167,106,171,106,176,109,179,114,178,117,181,117,186,114,189,112,193,115,197,117,201,118,206,122,210,123,214,126,218,122,221,117,222
304,56,140,57,136,55,131,55,126,53,122,51,118,48,114,45,112,42,108,40,104,40,99,44,97,47,94,52,92,56,91,61,90,65,88,70,88,74,89,79,90,83,92,87,94,91,97,95,99,99,102,102,106,106,107,109,110,111,115,113,119,114,124,115,128,114,133,113,137,110,141,108,145,104,148,100,149,95,150,93,154,31,75,28,79,25,83,22,86,21,91,22,95,26,98,31,98,35,96,37,92,41,88,43,84,47,81,49,77,49,72,75,169,69,167,63,164,57,162,51,159,45,157,39,155,33,154,28,150,25,144,26,137,28,131,32,126,35,121,32,116,27,113,30,108,35,105,41,107,44,113,47,119,47,125,45,131,42,137,45,141,53,67,60,68,66,71,73,73,79,75,86,76,93,75,99,76,106,78,112,76,118,80,122,85,123,92,124,99,120,105,116,102,113,96,108,91,103,87,97,84,91,81,84,81,78,79,71,78,64,78,60,83,55,88,50,91,44,95,38,91,118,65,118,72,119,80,122,87,124,94,124,101,125,109,126,116,127,123,128,131,128,138,129,145,130,153,130,158,130,158,124,157,120,161,120,167,123,172,126,178,126,184,127,190,129,196,131,202,134,207,137,212,143,213,147,208,97,154,100,150,105,148,109,146,113,143,116,139,121,139,123,142,119,144,115,146,112,151,111,156,109,160,107,165,104,169,101,173,103,177,108,177,112,179,115,183,115,187,113,192,115,197,117,201,118,206,120,210,123,214,126,218,123,222,118,223
305,57,142,59,138,58,134,56,129,56,125,53,121,53,116,50,113,48,109,46,105,45,101,49,98,53,96,57,95,62,94,66,92,70,91,75,91,80,91,84,92,88,94,92,96,96,99,100,101,104,104,107,107,111,110,113,113,115,118,116,122,117,127,117,131,116,136,114,139,111,143,108,147,105,150,101,152,97,153,96,157,31,75,28,79,25,82,21,86,20,91,22,95,25,98,30,98,34,96,38,92,40,88,43,84,47,81,49,77,49,72,75,169,69,168,63,165,57,162,51,159,44,157,38,156,31,153,27,148,27,142,28,135,31,129,35,124,36,118,29,117,25,113,29,108,35,106,41,108,44,114,47,119,48,126,46,132,43,138,46,142,52,67,59,68,65,71,72,73,79,74,85,76,92,75,99,76,106,78,112,78,118,82,121,88,123,95,124,102,121,108,116,104,113,98,109,92,103,88,98,84,91,81,85,81,78,80,71,79,64,79,59,84,55,89,49,93,42,96,37,91,117,65,117,72,119,80,121,87,123,94,124,101,125,108,126,115,126,123,128,130,128,137,129,145,130,152,130,159,130,159,124,157,119,160,118,167,121,172,126,176,127,182,127,188,129,194,131,201,133,206,137,211,143,213,147,208,99,158,102,155,106,152,110,150,112,145,116,143,118,139,121,142,118,145,115,149,115,154,113,158,109,161,108,166,105,170,104,174,106,179,110,179,115,180,117,184,115,188,113,193,115,197,117,201,119,205,121,210,123,213,126,217,122,220,118,222
306,59,144,61,140,60,136,58,132,56,128,54,124,53,120,52,115,52,111,51,106,51,102,55,100,59,100,62,97,66,94,70,92,74,90,79,90,83,90,88,91,92,93,95,96,99,99,102,102,105,105,108,108,111,112,112,116,115,120,116,124,117,128,117,133,117,137,114,141,111,144,108,148,105,150,101,153,98,156,98,160,32,75,29,79,26,82,23,86,20,91,21,95,25,98,30,99,34,96,36,92,39,88,42,84,46,82,49,78,49,73,76,171,69,169,63,166,57,163,51,160,44,159,37,157,32,153,28,147,30,141,32,134,37,129,39,123,38,117,31,117,26,115,29,109,35,107,41,110,46,113,47,120,50,126,49,132,46,139,49,144,52,66,59,68,65,71,71,73,78,75,84,76,91,76,98,76,104,78,111,78,116,82,119,88,122,94,123,101,120,107,115,103,112,96,107,91,102,87,96,84,90,82,83,81,76,79,70,79,63,80,59,85,54,90,48,94,43,97,38,92,118,65,118,72,119,80,121,87,124,94,124,101,125,109,126,116,127,123,128,131,128,138,129,145,130,153,131,162,131,162,125,160,121,164,120,170,123,175,127,180,127,186,128,193,130,199,131,205,135,210,139,214,145,212,149,207,100,161,102,157,106,155,111,154,113,150,116,146,120,144,124,144,122,148,117,150,116,154,115,159,114,163,110,167,108,171,106,175,105,180,109,182,113,183,117,186,117,191,114,194,115,198,117,203,120,207,122,211,125,215,127,219,123,221,118,222
307,60,144,61,140,60,135,57,131,57,127,54,123,54,118,51,115,49,110,49,106,48,101,51,98,56,97,60,95,63,92,67,90,71,88,76,87,80,88,85,89,89,90,93,93,96,96,99,99,103,103,106,106,108,110,110,114,112,118,113,123,114,127,116,132,117,136,115,140,112,144,109,147,105,149,102,153,99,156,98,160,32,75,29,79,27,83,24,86,22,91,23,95,27,98,31,98,35,95,38,91,41,87,43,84,47,81,49,77,49,72,76,171,70,169,64,166,58,163,52,161,46,159,39,158,33,156,29,151,29,145,30,138,34,133,38,128,40,122,36,118,30,118,32,112,38,108,43,111,46,116,49,121,50,128,49,134,46,140,49,144,52,66,59,68,65,71,71,74,78,75,85,76,92,75,99,77,105,78,112,79,117,83,120,90,122,96,123,103,119,108,115,103,112,97,107,92,102,88,96,84,90,82,83,81,76,79,69,79,62,79,58,85,54,90,48,93,42,96,37,91,118,65,117,72,118,80,121,86,123,93,123,101,124,108,125,115,126,123,127,130,127,137,129,144,130,152,130,160,130,160,124,158,120,163,119,169,122,174,126,178,127,185,128,191,130,197,131,204,135,209,139,214,145,212,149,207,99,160,102,157,106,155,110,153,112,149,115,145,119,142,123,142,121,145,117,149,115,153,115,158,113,162,111,166,109,171,107,175,105,179,107,183,112,183,116,185,117,190,116,194,115,199,117,203,120,207,122,211,124,215,127,219,124,222,119,223
308,60,142,61,138,59,134,57,130,56,125,55,121,55,116,53,112,53,108,55,104,55,100,58,97,61,94,65,91,68,88,72,86,76,85,81,84,85,84,90,86,94,87,97,90,100,93,103,96,106,100,108,104,110,108,111,112,112,117,113,121,114,125,115,130,116,134,115,138,112,142,109,145,105,147,102,151,99,154,98,158,32,75,30,79,28,83,25,86,22,90,23,95,27,97,31,98,35,95,38,91,41,87,43,84,47,81,49,77,49,72,76,171,70,169,64,166,59,163,53,160,47,159,40,159,34,157,30,152,30,146,31,140,35,135,38,129,40,123,37,119,32,117,34,111,40,109,45,112,47,118,50,123,51,129,49,135,45,140,49,144,52,66,58,68,65,71,71,73,78,74,85,75,92,75,98,77,105,78,111,77,116,82,120,88,122,94,123,101,118,106,115,101,111,95,106,91,101,87,95,83,89,81,82,81,75,80,69,79,62,79,58,85,54,90,48,94,42,96,37,92,118,66,117,73,118,81,121,87,123,94,123,102,125,109,126,116,127,124,128,131,128,138,129,145,130,153,130,159,130,159,124,157,119,161,118,167,121,173,126,177,127,183,127,190,129,196,130,202,134,208,138,213,144,213,148,208,100,159,102,155,106,153,110,151,111,146,115,144,118,140,121,142,118,146,115,150,114,155,113,159,111,163,108,167,107,172,105,176,106,180,110,180,115,182,116,187,114,191,114,195,116,199,118,204,121,207,122,212,125,215,127,219,123,222,118,223
309,60,143,61,139,60,135,58,131,56,127,55,122,54,118,55,114,56,110,59,106,60,102,62,99,66,97,70,95,74,93,78,91,82,89,86,89,91,89,95,89,99,91,102,94,106,97,109,100,111,104,114,107,116,111,117,115,118,120,118,124,119,128,119,133,118,137,115,140,112,144,109,147,106,150,102,152,98,155,98,159,32,75,30,79,27,83,25,87,23,91,24,95,27,98,32,98,35,95,38,91,40,87,43,84,47,81,48,77,49,72,76,172,70,171,64,168,59,164,54,161,47,159,41,159,35,157,31,152,29,146,31,140,34,135,39,130,40,124,38,119,32,118,34,112,39,109,45,112,47,117,51,122,51,128,50,134,47,140,50,144,51,66,57,69,64,70,70,73,77,75,84,76,90,76,97,76,103,78,110,77,116,80,120,85,122,92,123,99,119,104,114,100,111,95,106,89,100,87,94,83,88,81,81,81,74,80,67,79,61,80,58,86,53,90,47,94,41,96,37,91,117,65,117,72,118,79,120,86,122,93,123,100,124,107,125,114,126,122,127,129,127,136,128,143,129,150,130,159,130,159,124,158,119,162,118,168,121,173,125,178,127,184,128,190,129,197,130,203,134,208,138,213,143,213,148,209,99,159,103,156,107,155,111,152,112,148,116,145,119,142,123,141,121,145,118,148,116,153,115,157,113,162,111,166,108,170,106,174,106,179,110,180,115,181,116,186,115,190,114,195,116,199,117,203,120,207,122,211,124,215,127,219,123,221,118,223
310,59,143,59,138,58,134,57,130,55,126,54,121,52,117,48,113,45,110,43,106,43,102,47,99,51,98,56,98,61,98,65,97,70,95,74,95,79,95,84,95,89,96,93,98,97,100,101,102,105,105,108,109,112,112,115,116,117,120,119,124,120,129,121,133,120,138,117,142,114,145,111,148,107,151,102,152,98,153,96,157,32,74,30,78,27,82,25,86,23,90,23,94,26,98,31,97,34,95,37,92,40,88,43,84,46,82,48,77,49,73,76,172,70,170,64,167,59,164,53,161,46,160,40,159,34,156,29,152,28,146,30,140,33,134,38,129,39,123,36,118,31,117,33,111,38,108,43,111,46,116,49,122,50,128,49,134,46,139,49,144,52,67,59,68,65,72,72,73,79,74,86,76,93,75,100,78,106,80,113,79,118,84,121,91,124,97,124,105,122,111,117,107,114,100,110,94,105,89,99,86,93,82,86,82,78,80,71,79,64,79,60,84,55,89,49,92,42,96,37,91,117,65,117,72,119,80,121,87,123,93,124,101,125,108,125,115,126,123,128,130,128,137,129,145,130,152,130,159,130,159,124,157,119,160,118,166,120,172,125,176,127,182,128,188,129,195,130,201,134,206,138,211,143,212,148,208,98,157,103,156,107,155,112,153,114,149,117,145,120,142,125,142,125,146,121,149,118,153,116,157,115,162,112,166,108,169,107,173,109,178,113,179,117,182,118,186,115,190,113,193,116,197,118,202,120,206,122,211,124,215,127,219,123,221,118,223
311,57,142,57,137,56,132,56,128,54,123,53,119,50,115,46,111,44,107,40,104,38,100,39,95,44,95,49,94,54,94,59,95,63,95,68,93,73,93,77,94,82,96,86,98,91,99,95,102,99,104,103,107,107,110,112,112,114,116,115,121,117,125,117,130,117,135,114,139,112,143,109,147,105,150,100,150,95,150,94,154,32,75,29,78,27,82,25,86,23,91,23,95,27,98,31,98,35,95,38,91,41,88,43,84,47,81,49,78,49,73,76,170,70,169,64,166,58,163,53,160,47,158,40,157,34,155,29,151,27,145,27,139,30,133,34,128,37,122,36,116,30,115,32,109,37,106,42,109,45,114,47,120,48,126,47,132,44,138,47,142,53,67,60,67,66,70,72,73,79,74,85,75,92,75,99,76,105,77,112,76,117,80,120,86,122,93,123,99,121,106,116,103,112,97,108,92,103,87,97,84,91,81,85,81,78,80,72,78,65,78,60,83,55,87,49,91,43,93,37,91,117,64,117,71,119,78,122,85,124,92,124,100,125,107,126,114,127,122,128,129,128,136,129,143,130,151,129,157,129,157,123,156,118,159,118,165,121,171,125,175,126,181,127,188,129,194,131,200,133,206,137,211,143,213,147,208,97,155,101,152,105,150,109,148,113,145,116,141,120,139,124,141,120,144,117,147,114,151,113,156,111,161,108,165,105,168,103,173,105,177,110,178,114,180,116,185,114,189,114,194,116,198,118,202,120,207,122,211,124,215,127,219,123,222,118,223
312,59,144,60,140,60,135,58,131,57,127,54,123,53,119,51,114,48,111,48,107,50,102,53,100,58,101,62,101,67,100,71,99,76,98,80,98,85,98,89,98,94,99,98,100,102,103,106,105,109,108,113,111,115,114,118,118,120,122,122,126,122,131,122,135,120,139,117,142,114,146,110,148,106,150,102,152,98,154,97,158,32,75,30,79,27,83,24,86,23,91,24,95,27,98,32,98,35,95,38,91,40,87,43,84,47,81,48,77,49,72,76,172,70,170,64,167,59,164,53,161,47,160,40,160,35,157,30,153,29,147,31,140,35,135,39,130,40,124,38,119,32,118,34,112,39,109,45,111,47,117,50,122,51,128,50,134,47,139,50,144,52,66,59,68,65,71,72,73,79,74,86,76,93,75,100,78,107,78,113,79,118,84,121,91,123,98,123,105,122,111,116,108,114,101,110,95,106,89,99,87,94,82,86,82,79,80,72,79,65,79,60,83,56,89,49,93,43,95,37,91,118,65,117,72,118,80,121,86,123,93,124,101,125,108,126,115,127,123,128,130,127,137,129,145,130,152,129,157,129,157,123,156,118,160,118,167,122,172,127,177,127,183,128,190,129,196,131,203,135,208,139,213,145,213,149,208,100,158,104,155,109,155,113,153,115,149,118,145,122,143,126,143,124,147,120,150,117,154,116,159,114,163,110,165,107,169,106,174,109,178,114,178,117,181,117,186,113,189,112,193,115,197,117,202,119,206,122,210,123,214,126,218,122,220,117,222
313,59,143,59,138,59,134,57,130,56,126,54,122,52,117,50,113,52,110,53,106,56,103,60,101,65,101,69,100,73,99,78,97,82,96,87,96,91,94,95,95,99,97,102,99,106,102,109,105,112,109,115,112,119,115,121,119,123,123,123,128,124,132,123,136,121,140,118,143,115,146,111,149,107,151,103,152,99,155,98,159,32,75,29,78,28,83,24,86,23,90,23,95,26,98,31,98,35,95,37,91,40,87,43,84,47,81,48,77,49,72,76,172,70,171,64,168,59,164,54,161,47,159,41,159,35,156,31,152,29,146,31,139,34,134,38,129,39,123,37,118,32,117,34,111,39,108,44,111,46,117,49,123,51,129,49,135,45,140,49,144,51,66,58,68,65,71,71,74,78,75,86,76,93,75,100,77,107,79,113,80,118,85,121,91,123,99,124,106,121,112,116,107,114,101,109,95,105,90,98,87,93,83,85,82,78,80,71,79,64,79,59,84,54,89,48,93,42,96,37,91,117,65,117,72,118,80,120,87,123,94,124,101,125,108,126,115,127,123,128,130,128,137,129,145,130,152,130,159,130,159,124,158,119,163,119,169,123,174,126,179,128,185,128,192,129,198,131,204,135,209,139,214,145,212,149,207,100,159,104,156,109,157,114,155,116,151,119,146,123,144,128,145,127,149,122,151,118,153,117,158,116,163,112,167,108,170,106,174,108,179,113,178,118,180,117,185,116,190,112,191,114,196,117,200,119,205,122,209,124,214,127,217,123,220,118,222
314,59,144,60,140,59,135,57,131,55,127,54,123,53,118,51,115,50,111,50,107,52,103,56,101,60,102,65,102,69,100,73,99,78,98,82,97,86,97,91,96,95,96,100,98,103,101,106,104,110,107,112,111,115,114,117,118,120,122,121,126,121,131,122,135,120,139,117,142,115,146,111,149,107,151,103,153,100,155,97,159,32,75,29,78,27,82,25,87,23,91,24,95,27,98,32,98,35,95,38,91,40,87,43,84,47,81,48,77,49,72,76,172,70,170,64,167,59,163,53,160,46,159,40,158,34,156,29,151,28,145,30,139,34,134,38,128,39,122,35,118,31,116,34,110,40,108,45,112,46,117,50,122,50,128,49,134,46,140,49,144,51,66,58,68,65,71,71,73,79,75,86,76,93,75,99,78,106,80,113,80,117,86,120,92,123,99,124,106,121,113,116,109,114,102,110,96,105,90,99,87,93,83,86,82,79,80,72,79,64,79,60,84,55,89,49,93,43,96,37,92,117,65,117,72,120,79,122,87,124,94,125,101,125,109,126,116,127,123,128,131,127,138,129,145,130,153,130,159,130,159,124,157,120,162,119,168,123,173,126,178,127,184,128,191,130,197,131,203,134,209,139,214,145,213,149,208,101,160,106,159,110,160,113,157,115,152,118,148,123,146,127,145,126,149,122,152,118,155,117,160,116,164,112,168,108,170,106,175,109,179,113,180,118,181,118,186,116,191,113,193,115,198,117,202,119,207,122,211,125,215,127,219,122,221,117,222
315,56,143,58,139,58,134,56,130,55,126,53,122,51,118,49,114,46,110,45,105,46,101,51,100,55,99,60,99,64,99,69,97,73,97,78,97,82,97,87,98,92,98,96,99,100,101,104,104,107,107,111,110,114,113,117,116,119,121,120,125,120,130,120,134,119,139,116,142,113,146,110,149,106,151,102,154,97,155,96,158,31,75,29,79,26,83,24,87,22,91,23,96,27,98,31,98,35,96,38,92,40,88,43,85,47,81,49,78,49,73,76,171,70,169,64,166,58,162,52,159,45,158,39,157,33,154,28,149,27,143,28,136,31,130,35,125,37,119,33,115,28,113,31,108,37,106,42,109,45,115,48,120,48,126,48,133,44,138,47,143,52,67,59,68,65,71,72,74,79,75,86,76,93,75,100,78,106,81,112,84,117,90,120,96,123,103,123,110,120,114,115,108,112,102,108,96,103,91,97,87,91,83,84,82,77,80,70,79,63,79,59,85,55,90,48,94,42,96,37,91,117,66,118,73,119,81,121,88,123,95,125,102,125,109,126,116,127,124,128,131,128,138,129,146,130,153,131,162,131,162,125,160,120,163,117,169,121,175,126,179,127,185,128,191,130,198,131,204,134,209,139,214,144,212,149,207,101,161,105,158,110,159,112,155,114,151,118,148,122,146,127,146,125,150,121,152,117,154,117,159,116,164,113,168,109,170,106,174,106,179,110,181,115,182,117,186,117,190,114,194,115,198,117,202,119,207,122,211,125,214,127,218,123,221,118,222
316,55,142,57,138,56,134,55,129,55,125,52,121,51,116,48,113,46,109,44,105,44,100,49,98,53,97,58,97,62,96,66,94,71,94,75,93,80,93,84,94,89,95,93,96,97,98,101,101,104,104,107,107,111,110,113,114,116,118,117,123,117,127,117,132,116,136,114,140,111,144,108,147,105,149,101,153,97,154,96,158,31,75,28,79,26,83,24,87,22,91,23,96,27,99,31,99,34,96,38,93,40,89,43,85,46,82,49,78,49,73,75,169,69,168,63,165,57,161,51,158,45,157,38,156,32,153,28,148,26,142,26,135,29,129,33,124,35,118,31,114,27,111,31,106,37,104,42,107,44,113,46,119,48,125,46,131,42,136,45,141,52,67,59,68,65,72,72,74,79,75,86,76,93,75,99,79,105,81,111,84,115,90,118,96,121,103,122,110,118,113,114,108,111,101,107,95,102,90,96,86,91,82,84,81,77,80,70,79,63,79,59,85,54,90,48,94,42,96,37,91,118,66,118,73,119,81,121,88,123,95,124,102,125,109,126,116,127,124,128,131,128,138,129,145,130,153,131,161,131,161,125,161,121,166,122,172,125,176,126,182,128,188,130,194,130,200,132,205,135,210,140,213,145,211,149,206,100,161,103,158,107,157,111,154,113,150,116,146,120,144,125,144,127,149,122,149,117,150,114,154,114,159,114,164,111,168,108,171,106,176,105,180,109,182,113,184,117,187,118,192,115,195,115,200,118,204,120,208,123,212,126,216,123,220,119,222
317,56,142,57,138,56,133,55,129,54,124,52,120,51,116,48,113,46,109,44,104,46,101,49,98,54,97,58,97,62,94,66,93,71,92,75,91,80,91,84,92,88,93,93,95,96,97,100,100,103,103,106,107,109,110,112,114,114,118,116,122,116,127,116,131,115,136,114,140,111,143,108,147,104,150,101,153,97,154,96,158,31,75,28,78,26,83,24,87,22,91,23,96,26,98,31,98,35,96,37,92,40,88,43,85,47,82,49,78,49,73,76,170,70,168,64,165,58,163,52,160,46,158,40,156,34,154,29,150,26,144,26,138,29,132,32,127,35,121,33,115,28,112,31,107,37,105,42,108,44,113,47,119,48,125,46,131,43,137,46,142,52,67,59,69,65,71,72,73,78,75,85,75,92,75,99,78,105,81,111,84,114,90,117,96,120,103,121,109,118,112,113,106,109,101,106,95,101,90,96,86,90,82,83,81,76,81,69,80,63,80,58,85,53,90,48,94,42,96,37,91,118,66,118,73,118,81,120,88,122,95,124,102,125,109,126,116,127,124,128,131,128,138,129,145,130,153,131,162,131,162,125,161,121,166,121,172,124,176,127,182,127,188,129,194,130,200,132,206,135,211,140,214,145,212,149,207,100,162,103,158,107,156,111,155,112,150,114,146,119,144,124,144,124,147,119,147,116,151,114,155,114,160,112,165,110,169,109,174,106,178,105,182,108,184,113,185,116,188,118,193,116,197,115,201,117,205,120,209,123,213,126,217,123,221,119,223
318,55,142,57,138,56,134,55,129,54,125,52,121,52,117,48,113,46,110,46,105,46,101,50,99,54,97,58,97,63,95,67,93,71,92,76,91,80,91,85,91,89,93,93,94,97,97,101,100,104,103,107,106,110,110,112,114,113,118,115,123,115,127,115,132,114,136,113,140,110,144,107,147,104,150,101,153,97,155,96,159,31,75,28,78,27,83,24,86,23,91,24,95,26,99,31,98,35,96,37,92,41,89,43,85,47,82,49,78,49,73,76,170,70,168,64,165,58,162,52,160,46,158,39,156,33,154,28,150,26,144,26,137,29,131,33,126,36,120,34,114,28,113,31,108,36,105,41,107,44,113,47,119,48,125,46,131,43,137,46,142,51,67,58,68,65,71,71,73,78,75,85,76,92,75,98,78,104,81,110,84,114,90,117,96,120,102,121,109,118,113,114,108,110,102,106,96,101,91,96,86,91,82,84,81,77,81,70,80,63,80,59,86,53,90,47,94,41,97,37,91,117,66,118,73,118,81,120,88,122,95,124,102,125,109,126,116,127,124,128,131,128,138,129,146,130,153,131,162,131,162,125,161,121,166,121,172,124,176,127,182,127,188,129,194,130,200,132,206,135,210,140,214,145,212,149,207,100,160,103,157,107,155,111,153,112,148,115,144,119,143,124,142,121,145,117,147,114,151,114,156,114,160,112,165,109,169,107,173,106,178,105,182,110,183,114,184,117,188,117,193,116,197,116,202,119,206,121,210,124,214,126,218,124,222,119,223
319,56,142,58,138,57,134,56,130,54,125,53,121,52,117,49,113,47,110,47,105,48,101,52,98,56,98,61,97,64,95,69,93,73,92,77,91,82,91,86,91,90,92,94,94,98,97,101,99,104,103,107,106,110,109,112,113,114,118,115,122,115,126,115,131,115,135,114,139,111,143,109,146,105,149,101,151,98,154,96,158,31,75,29,79,27,83,24,86,23,91,23,95,27,98,31,98,35,95,38,92,41,88,43,85,47,81,49,77,49,73,76,170,70,168,64,165,58,162,52,159,45,157,39,156,33,154,28,149,26,143,27,136,30,131,34,126,36,120,34,114,28,113,31,108,37,104,41,108,45,113,47,119,47,126,46,132,43,137,46,142,52,67,59,69,65,71,72,73,79,75,85,76,92,75,98,77,104,80,111,83,114,89,118,94,121,101,121,107,118,111,114,106,110,100,106,94,101,89,96,85,90,82,83,81,76,81,69,80,63,81,58,86,53,91,47,94,41,97,37,91,117,66,118,73,118,81,120,88,122,95,124,102,125,109,126,116,127,124,128,131,128,138,129,145,130,153,131,161,131,161,126,162,122,167,123,172,125,178,128,183,129,189,130,195,130,201,132,206,135,211,140,214,146,212,149,207,100,161,103,157,107,156,111,153,112,148,115,144,119,142,124,141,122,145,118,147,115,151,114,156,114,161,112,166,110,170,108,174,106,179,104,183,108,185,113,184,116,187,118,192,116,196,116,201,118,205,121,209,123,214,126,218,124,222,119,223
320,57,141,58,137,57,132,56,128,54,124,53,120,52,115,50,111,49,107,52,104,56,102,59,99,63,97,67,94,71,92,74,89,78,88,83,86,87,86,92,86,96,88,99,90,103,93,106,96,108,100,110,104,112,108,113,112,115,116,115,121,115,125,116,130,116,134,114,138,112,142,109,145,105,147,102,150,99,153,96,157,31,75,29,79,25,82,24,87,22,91,22,95,26,98,31,98,35,96,37,92,40,88,43,85,46,82,49,78,49,73,75,169,69,167,63,164,57,162,51,159,44,157,38,156,32,153,28,148,27,141,28,135,32,129,35,124,36,117,30,115,27,111,32,106,38,105,43,109,45,115,48,120,48,126,46,132,43,137,46,142,51,66,58,68,64,71,70,73,77,75,84,75,91,75,98,75,103,79,110,78,115,82,118,89,122,94,123,101,119,106,115,101,112,96,106,91,101,87,95,84,89,82,82,81,75,80,68,79,62,80,58,86,53,91,47,95,41,97,37,92,119,66,118,73,119,81,122,88,123,95,125,102,126,110,127,117,128,125,128,132,129,140,130,147,130,155,132,165,132,165,127,162,121,165,119,171,121,176,125,180,127,186,128,192,130,198,131,204,134,209,139,214,144,212,148,207,100,161,103,157,107,156,111,154,113,149,116,146,120,144,123,146,119,148,115,151,114,155,114,160,113,164,110,168,108,172,106,176,105,181,107,184,112,184,116,186,117,190,116,194,115,199,117,203,119,207,121,211,124,215,126,219,123,222,118,223
321,57,141,58,137,58,132,57,128,55,124,55,120,56,116,58,112,60,108,62,104,65,100,67,97,71,94,74,91,77,89,82,88,85,86,90,85,94,86,98,86,102,88,105,91,109,93,112,96,114,100,116,104,117,108,118,112,118,117,117,121,117,126,116,130,115,134,113,138,111,142,108,145,105,148,102,151,100,155,98,159,32,75,28,78,25,82,23,86,20,91,21,95,24,99,29,99,34,96,36,93,40,89,42,85,46,82,49,78,49,73,75,169,69,167,63,164,56,161,50,159,44,157,37,155,32,152,28,146,28,140,29,133,34,128,37,123,36,116,30,116,26,112,29,107,35,105,41,108,44,113,47,119,49,125,48,131,45,137,47,143,51,66,57,68,64,71,70,73,77,75,83,76,90,76,97,75,103,78,109,76,115,78,119,84,122,90,123,96,120,102,115,99,112,94,107,89,101,86,95,83,89,81,82,81,75,80,69,78,62,80,59,85,54,90,48,94,43,97,38,92,119,65,118,72,120,79,123,86,124,94,124,101,125,109,126,116,127,124,128,131,128,139,129,146,130,154,132,164,132,164,127,162,122,165,120,171,122,176,126,181,127,187,128,193,130,199,131,205,135,210,139,214,144,212,148,207,100,161,103,158,107,156,110,153,111,148,115,146,119,144,121,147,117,148,114,152,113,156,114,161,112,165,109,168,107,173,105,177,104,181,108,183,112,183,116,186,117,190,115,195,115,200,117,204,120,208,122,212,125,215,127,219,122,221,118,223
322,58,144,60,140,59,136,57,133,56,128,55,124,55,120,56,115,56,111,59,108,62,105,65,102,69,101,73,100,77,98,81,96,85,94,89,93,93,92,97,93,101,95,105,97,108,100,111,103,113,107,116,110,119,114,121,118,121,122,120,126,120,131,119,135,118,139,115,142,112,145,109,149,106,151,102,154,99,157,99,161,32,75,28,78,25,82,22,86,20,90,21,95,24,99,29,99,33,97,36,93,38,89,41,85,45,82,48,78,49,73,75,170,69,168,63,165,57,162,50,159,44,158,37,156,32,152,29,146,30,139,32,133,37,128,39,122,36,116,29,117,25,113,28,107,35,106,41,108,45,113,47,119,50,125,49,132,46,138,48,144,51,66,58,68,64,71,71,73,78,74,85,76,92,75,99,76,106,78,113,76,118,81,122,87,124,94,125,101,122,107,117,104,115,97,110,92,105,88,98,86,92,82,85,81,78,80,71,79,64,79,59,85,55,90,48,93,42,96,37,92,119,65,117,72,118,79,121,86,123,93,124,101,125,108,126,116,127,123,128,130,128,138,129,145,130,153,132,164,132,164,126,162,121,165,120,171,122,176,126,180,128,186,129,192,130,198,131,204,134,210,138,213,144,211,149,207,100,161,103,158,108,156,111,153,113,149,116,145,120,143,124,143,121,146,117,149,116,153,115,158,114,162,111,166,109,170,107,174,105,179,106,183,111,183,115,184,117,188,116,192,115,197,117,201,119,205,121,210,123,214,126,217,123,221,119,223
323,59,143,61,139,59,135,57,130,56,126,54,121,53,117,50,113,47,109,45,105,44,100,45,96,50,96,54,96,59,96,62,93,67,91,72,91,76,90,81,90,85,92,90,94,93,97,98,99,101,102,105,106,108,109,111,113,114,117,116,121,117,126,117,130,118,135,117,140,114,144,110,146,106,149,103,152,99,155,98,159,32,75,29,78,26,83,23,86,21,90,23,95,26,98,30,98,34,96,37,92,40,88,43,84,47,81,49,77,49,72,76,170,70,169,64,166,58,163,52,160,46,159,39,157,33,154,29,150,29,143,30,137,34,132,38,126,39,120,34,117,29,115,32,109,37,107,42,110,46,114,48,120,50,126,49,133,45,138,48,143,53,67,60,68,66,70,72,73,79,74,85,75,92,75,98,76,105,78,111,77,117,81,121,86,123,92,124,99,121,104,115,102,112,96,108,91,102,87,97,84,91,81,84,81,78,80,71,79,65,79,59,83,55,88,50,92,44,95,38,91,118,65,118,72,120,79,123,86,125,94,125,101,125,109,126,116,127,124,128,131,128,139,129,146,130,154,132,164,132,164,126,162,121,164,119,170,121,176,126,179,128,185,129,191,130,198,131,204,134,209,138,213,144,211,149,207,100,162,103,158,107,157,110,154,111,149,115,147,118,143,121,143,120,148,116,151,115,155,115,160,112,164,110,168,109,173,107,177,105,182,107,184,112,184,116,186,116,191,114,195,115,200,118,203,120,208,122,212,125,216,127,220,123,222,118,223
324,60,143,61,139,59,135,57,130,55,126,54,122,53,117,50,113,49,109,49,104,50,100,54,97,58,95,61,92,65,89,69,88,73,86,78,85,82,85,87,86,91,88,94,91,98,94,101,97,104,101,106,105,109,109,111,113,112,117,114,121,115,126,116,130,117,135,115,139,112,143,110,146,106,148,102,151,98,154,97,158,32,75,30,79,27,83,24,86,22,90,23,94,26,97,31,97,35,94,37,91,40,87,43,84,47,81,48,77,49,73,77,170,71,169,65,166,59,164,53,161,47,160,41,159,35,157,30,152,30,147,31,140,35,135,37,130,39,124,36,119,31,117,33,111,38,109,44,111,47,116,49,122,50,128,49,134,46,140,49,144,52,66,59,68,65,71,72,73,78,74,85,75,92,75,99,76,105,78,112,79,117,84,120,90,123,96,123,103,119,107,115,102,112,96,107,91,101,87,96,84,89,81,83,81,76,79,69,79,62,79,58,85,54,90,48,94,42,96,37,92,119,65,117,72,118,79,121,86,123,93,124,101,125,108,126,116,126,123,127,130,128,138,129,145,130,153,131,161,131,161,125,158,119,161,117,167,119,173,125,176,127,183,128,189,129,196,131,203,134,209,139,214,145,212,149,207,99,159,103,156,107,155,111,152,112,147,116,144,119,140,123,141,123,146,119,149,117,153,115,158,113,162,111,167,108,171,106,175,105,180,110,181,114,182,115,187,114,191,114,196,116,200,119,204,121,209,122,213,125,217,127,220,123,222,118,224
325,61,143,61,139,60,134,58,130,57,126,55,122,55,118,55,114,56,110,58,106,59,102,62,99,66,97,69,94,73,92,78,90,82,88,86,88,91,88,95,88,99,91,102,94,105,97,108,100,111,104,113,108,115,112,117,116,118,121,118,125,119,129,120,134,118,138,115,141,112,144,110,148,106,150,102,152,98,155,98,159,32,75,30,79,27,83,24,86,22,90,23,95,27,98,31,97,35,95,38,91,40,87,43,83,47,81,48,77,49,72,76,172,70,171,64,168,59,164,53,161,47,160,40,159,35,156,31,152,30,145,32,139,36,134,38,128,40,122,35,119,32,116,35,110,41,109,46,113,47,118,51,123,51,129,49,135,45,140,50,144,51,66,57,68,64,70,70,72,77,74,84,75,90,76,97,75,103,78,110,77,116,80,120,85,122,91,123,98,119,103,115,100,111,94,107,89,100,87,95,83,88,82,81,81,75,80,68,79,62,79,59,86,54,90,48,94,42,96,37,92,118,65,117,72,117,79,121,86,123,93,124,100,124,107,125,115,126,122,127,129,127,137,129,144,129,151,130,159,130,159,124,157,119,161,118,167,121,172,126,177,127,183,127,190,129,196,130,202,134,208,138,213,144,213,148,208,99,158,103,156,108,155,111,152,113,147,116,144,120,141,123,141,122,145,118,148,117,153,116,157,114,162,111,165,108,169,107,174,106,179,109,181,114,181,116,185,115,190,114,195,117,199,118,203,121,207,122,212,124,216,127,220,123,222,118,224
326,59,143,60,139,58,134,57,130,56,126,53,122,52,117,49,114,46,110,45,105,47,101,51,99,56,98,60,98,64,95,69,93,73,92,78,92,82,92,87,94,91,95,95,97,99,99,103,103,106,106,109,109,113,112,116,116,118,120,119,125,120,129,121,134,120,138,117,142,114,145,110,148,106,151,102,152,97,153,96,157,32,75,29,78,26,82,24,86,22,91,23,95,27,97,31,97,35,95,38,91,41,87,44,84,48,81,49,77,49,72,76,171,70,169,64,166,58,164,52,161,46,159,39,157,33,155,28,151,27,145,29,139,32,133,37,128,38,122,36,117,29,117,31,111,36,108,42,110,45,116,48,121,49,128,48,134,45,139,48,144,52,66,59,68,65,71,72,73,79,74,86,76,93,75,100,77,106,79,113,80,118,85,121,91,123,98,124,105,121,111,116,106,114,100,109,94,105,89,98,86,92,82,85,81,78,80,71,79,64,79,59,84,55,90,49,93,43,96,38,91,117,65,118,72,118,79,121,86,123,93,124,100,125,108,125,115,126,122,127,129,127,136,129,144,130,151,130,159,130,159,124,157,120,162,119,168,123,173,127,178,127,184,128,190,129,197,131,203,134,208,138,213,144,213,148,208,99,158,103,155,108,155,113,154,115,150,118,145,122,143,126,143,124,147,120,150,117,154,116,158,114,163,111,167,108,170,107,175,109,179,114,179,117,182,117,187,113,190,112,194,116,198,118,202,120,206,122,211,124,215,127,219,123,221,118,223
327,55,140,57,136,56,131,55,127,54,122,51,118,49,114,45,112,42,108,40,104,38,100,41,97,45,95,50,93,54,92,59,91,63,89,68,88,73,88,77,90,82,92,86,94,90,97,94,99,98,102,101,105,105,107,109,110,112,114,114,118,115,123,115,128,115,132,113,137,111,141,108,145,104,148,100,149,95,149,93,153,31,75,28,79,25,83,22,86,21,91,22,95,26,98,31,98,35,96,37,92,41,88,43,84,47,81,49,77,49,72,75,169,69,166,63,164,57,161,51,159,45,157,39,155,33,154,29,149,25,144,25,137,28,132,32,127,34,121,30,116,27,112,30,107,36,105,41,108,44,113,47,119,47,126,45,132,42,137,45,141,53,67,60,68,66,71,72,73,79,74,86,75,93,75,99,76,105,77,112,77,118,80,121,86,124,93,123,99,120,105,116,100,111,95,107,90,101,87,96,83,90,81,83,81,76,79,69,78,63,78,59,84,54,88,49,92,43,94,37,91,118,65,118,72,120,80,122,87,124,94,124,102,126,109,127,116,128,124,128,131,128,139,129,146,130,154,130,158,130,158,124,158,121,163,122,169,125,174,126,180,127,186,128,191,130,197,131,203,134,208,138,212,143,213,147,208,97,156,100,152,104,150,109,149,113,145,115,141,119,139,123,142,121,145,116,147,113,150,112,155,111,159,109,164,106,168,103,172,103,177,107,178,112,179,115,183,115,187,114,192,114,197,117,200,118,205,121,209,123,213,126,217,123,221,118,222
328,56,140,57,136,55,131,55,126,53,122,51,118,49,114,45,111,42,108,41,103,41,99,45,97,49,94,53,92,58,91,62,89,66,88,71,88,76,88,80,90,84,92,88,95,92,98,96,100,100,103,103,106,107,108,110,111,112,115,114,120,115,124,115,129,114,134,112,138,110,142,107,146,104,149,99,150,94,150,94,154,31,75,28,79,25,82,21,86,20,91,21,95,25,98,30,98,34,96,37,92,41,89,43,84,47,81,49,77,49,72,75,168,69,166,63,164,57,161,51,159,45,156,38,155,32,153,28,148,26,142,26,136,29,130,33,125,34,119,29,116,25,112,29,107,35,105,41,107,44,113,47,119,47,125,45,131,42,137,45,141,53,67,60,68,66,71,72,73,79,74,86,75,93,75,99,76,106,77,112,76,118,80,122,86,124,92,124,99,120,104,115,100,111,95,107,89,101,87,96,83,90,81,83,81,76,79,70,78,63,78,59,84,55,89,49,92,43,95,37,91,118,65,117,72,120,79,123,86,125,94,125,101,126,109,127,116,128,124,128,131,128,139,129,146,130,154,130,159,130,159,124,158,120,163,120,169,124,174,126,179,127,186,128,192,129,198,131,203,135,208,139,213,144,213,147,208,98,157,100,153,103,150,108,148,111,145,115,142,119,141,120,144,115,145,112,149,112,154,111,159,108,163,105,167,103,171,102,176,106,179,111,180,115,182,117,186,113,190,113,195,116,199,117,203,120,206,121,211,125,215,127,218,123,221,118,222
329,60,143,61,139,60,134,58,130,57,126,55,122,57,118,56,114,55,109,55,105,56,100,60,98,64,98,68,95,72,93,77,92,81,91,85,90,90,91,94,91,97,94,101,97,105,99,108,102,111,106,114,109,116,113,119,117,120,121,120,126,121,130,120,135,118,139,115,142,112,145,110,149,106,152,102,154,98,156,99,160,32,75,29,78,25,82,22,86,20,90,21,95,25,98,30,98,34,96,37,92,40,88,43,84,47,81,49,77,49,72,75,170,69,169,62,166,56,163,50,160,44,158,37,156,31,153,28,147,29,141,31,134,36,129,38,123,36,118,29,118,26,114,29,108,36,107,42,109,46,114,48,120,50,126,49,133,45,139,48,143,51,66,58,68,64,70,71,72,78,74,84,76,91,76,98,76,104,77,111,77,116,81,120,87,123,93,123,100,120,106,115,102,112,96,108,91,102,88,96,84,90,82,83,81,76,79,69,79,63,80,58,85,53,90,48,94,42,96,37,91,118,65,117,72,118,80,121,86,123,94,124,101,125,108,126,116,127,123,128,131,128,138,129,145,130,153,130,160,130,160,125,160,120,164,120,170,124,175,126,181,127,187,129,193,130,199,131,205,135,209,139,214,145,213,149,208,100,160,103,156,107,155,111,153,113,148,116,145,120,143,124,144,121,147,117,150,116,154,115,159,114,164,111,168,108,172,106,175,105,180,110,181,114,182,116,186,116,191,113,194,115,198,118,202,121,206,122,211,124,215,127,218,123,221,119,223
330,59,143,60,139,59,135,58,130,57,126,56,122,59,119,61,115,61,111,63,107,65,103,69,101,72,98,76,97,80,95,84,94,88,93,93,93,97,93,101,95,105,97,108,100,111,103,115,106,118,109,120,113,122,117,123,121,122,125,123,130,123,134,121,138,118,141,114,143,111,147,110,151,107,154,103,155,99,157,99,161,32,74,28,77,26,82,23,86,21,90,21,95,24,99,29,99,34,97,36,92,39,88,42,84,46,81,48,77,49,72,75,171,69,168,63,165,57,162,50,159,44,158,37,156,32,151,30,145,30,138,32,132,37,128,39,121,35,116,28,117,26,112,29,106,35,105,41,108,45,113,48,119,50,125,49,132,46,138,48,144,51,66,58,68,64,71,71,74,78,75,85,76,92,75,99,77,106,77,113,77,118,81,121,88,124,95,124,102,122,108,117,106,115,99,110,93,105,89,99,87,93,82,86,82,79,80,72,79,65,79,60,83,55,89,49,92,43,96,38,92,117,65,117,72,118,80,121,87,123,93,124,101,125,108,126,115,127,123,128,130,128,137,129,145,130,152,132,164,132,164,126,162,121,164,119,170,120,176,125,179,127,185,128,191,129,197,131,203,133,209,137,213,143,211,148,207,100,161,103,157,107,156,111,154,113,149,116,146,120,143,123,145,120,149,116,152,115,156,115,161,113,165,110,169,108,173,107,177,105,182,108,184,112,184,116,186,116,191,115,196,116,200,118,204,120,209,122,213,125,217,126,220,122,222,118,224
331,59,143,60,139,59,135,58,130,56,126,56,122,58,118,61,115,62,111,64,107,66,103,69,100,73,98,77,96,81,94,85,93,90,92,94,92,98,91,102,92,106,95,109,98,112,101,115,105,118,108,121,111,122,115,123,120,123,124,123,129,123,133,121,137,119,140,115,143,112,146,110,150,106,153,103,155,99,157,99,161,32,74,29,78,26,82,23,86,21,90,21,95,25,99,29,99,33,96,36,92,38,88,42,84,46,81,48,77,49,72,75,171,69,169,63,166,57,162,51,160,44,158,38,156,33,152,30,146,30,139,32,133,37,128,39,122,36,116,29,117,26,112,29,107,36,105,42,108,45,113,48,119,50,125,49,132,46,138,48,144,50,66,57,68,63,71,70,74,77,75,84,76,91,75,98,76,104,77,111,76,117,79,120,85,123,92,123,99,121,106,116,103,114,96,109,92,104,88,97,85,91,82,84,81,77,80,70,79,63,79,59,84,55,90,49,93,43,96,38,91,119,65,117,72,117,80,121,86,123,93,124,100,125,108,125,115,126,123,127,130,127,137,129,145,130,152,132,164,132,164,126,162,120,164,117,170,120,176,125,180,128,186,129,193,130,199,132,206,135,211,140,214,146,210,151,206,100,161,104,158,108,158,111,154,112,150,115,146,119,143,123,143,121,147,118,150,116,155,115,160,114,164,111,168,109,172,106,176,105,181,107,184,112,183,116,186,117,190,115,195,115,199,118,203,120,208,122,212,124,216,127,220,123,222,118,224
332,60,143,61,139,60,134,58,130,57,126,56,122,59,119,61,115,64,113,65,109,66,104,68,101,72,98,75,95,80,94,83,91,88,90,92,90,97,90,101,91,104,94,108,95,111,99,114,103,117,106,119,110,121,114,122,118,121,122,121,127,122,131,121,136,118,139,114,142,111,145,110,149,107,153,103,155,100,158,100,162,32,74,29,77,26,82,23,85,21,90,22,94,25,98,30,98,34,96,37,92,39,88,42,84,46,81,48,77,48,72,75,172,69,170,63,167,58,164,52,161,46,159,40,158,34,155,31,150,30,143,32,137,36,133,39,127,38,121,32,119,29,115,32,109,38,107,44,110,46,115,49,121,51,127,50,134,47,139,49,144,50,66,57,68,63,70,70,73,77,75,83,76,90,76,97,76,104,78,110,76,116,79,120,85,123,91,123,98,121,105,116,102,113,96,108,91,102,88,97,84,90,82,83,81,76,79,69,79,63,80,59,85,54,90,48,94,42,96,37,91,118,65,117,72,118,80,121,87,123,94,124,101,125,108,126,116,127,123,128,131,127,138,129,145,130,153,131,162,131,162,125,160,120,164,119,170,122,175,126,179,128,185,129,192,130,198,131,204,134,210,139,214,144,211,149,207,100,161,104,158,108,157,111,153,112,149,116,146,120,143,123,145,119,148,116,152,116,157,115,161,113,166,110,170,107,174,105,178,105,183,109,183,114,183,117,186,117,191,114,195,116,199,117,204,120,208,122,212,124,216,127,220,123,222,118,224
333,60,144,61,140,60,135,58,131,56,127,54,123,53,118,50,115,50,110,51,106,54,103,59,102,63,101,67,100,72,98,76,96,80,95,85,95,90,95,94,95,99,96,102,99,106,102,109,105,112,108,115,112,117,116,120,120,123,124,123,128,123,133,124,137,122,140,118,143,115,146,111,149,107,151,103,153,99,155,98,159,32,74,30,78,27,82,25,86,22,90,24,94,26,98,31,98,35,95,37,91,40,88,43,84,47,81,48,77,49,72,76,172,70,170,64,167,59,164,53,161,47,160,40,159,34,157,30,152,29,146,31,140,34,134,38,129,40,123,35,119,31,117,34,111,39,109,44,112,47,118,50,123,51,129,50,135,45,140,49,144,51,66,58,68,65,71,72,73,79,74,86,76,94,75,100,78,107,79,114,79,119,84,122,91,124,98,125,106,122,112,118,107,115,101,110,95,106,89,99,88,93,83,86,82,79,80,71,79,64,79,59,84,55,90,48,93,42,96,37,91,118,65,117,72,119,80,121,87,124,94,125,101,125,108,126,116,127,123,128,131,128,138,129,145,130,153,131,161,131,161,125,159,120,162,119,168,121,174,126,178,127,184,128,191,130,197,131,203,134,209,138,213,144,211,149,207,100,160,104,158,109,158,113,155,114,150,118,147,122,145,127,145,125,149,120,151,118,155,117,160,115,165,111,168,108,171,106,175,108,180,113,180,117,183,117,188,116,192,113,195,115,199,118,204,120,208,122,213,126,216,127,220,123,222,118,223
334,57,142,57,137,57,132,56,127,54,123,53,118,50,114,47,110,44,106,41,102,39,98,40,94,45,94,50,94,55,94,60,94,65,95,69,93,74,93,79,94,84,95,88,97,92,100,97,102,101,104,106,107,110,110,113,113,116,117,118,122,118,127,119,132,117,136,114,140,112,144,108,148,104,151,99,151,95,150,94,154,32,75,29,78,27,83,24,86,22,91,23,95,26,98,31,98,34,95,38,92,41,88,43,84,46,81,49,78,49,73,76,169,70,168,64,165,58,162,52,159,46,158,40,157,34,154,29,150,27,144,28,138,31,132,34,126,36,121,34,115,29,114,31,108,37,105,42,108,44,113,47,119,48,125,47,131,44,137,47,142,53,66,59,67,65,70,72,73,78,74,85,75,92,75,98,76,105,77,111,77,117,81,120,86,122,93,123,99,120,105,115,103,111,97,107,92,102,88,97,84,91,81,84,81,78,80,71,78,65,78,59,82,54,87,49,91,43,93,37,91,117,64,117,71,119,78,121,85,123,92,124,99,124,107,126,114,126,121,127,128,127,136,128,143,129,150,129,157,129,157,123,156,118,160,118,167,122,171,126,176,127,182,127,189,129,195,131,201,134,207,137,212,143,214,147,209,97,155,101,152,106,151,110,149,113,145,116,141,120,138,124,139,121,143,118,147,115,151,114,156,113,160,110,165,107,169,105,172,107,177,111,179,115,181,117,185,114,189,114,194,116,198,118,202,119,207,122,211,124,216,127,219,123,222,118,223
335,58,143,59,138,58,134,57,129,56,125,54,120,52,116,49,113,46,109,43,105,42,100,44,96,49,96,54,96,58,97,63,98,68,97,73,96,77,97,82,97,86,98,91,99,95,100,100,103,104,106,107,109,111,111,114,115,116,119,118,123,119,128,121,133,120,137,117,141,114,145,110,147,106,150,101,151,97,151,96,156,32,75,29,78,27,82,24,86,22,90,23,95,26,98,31,98,35,95,37,91,40,88,43,84,46,81,48,77,49,72,76,171,70,169,64,167,58,163,53,161,46,159,40,158,34,156,29,152,28,146,29,139,32,134,36,129,37,122,35,117,30,116,32,110,38,107,43,111,45,116,49,121,49,128,48,134,45,139,48,144,52,66,59,67,65,70,72,73,79,74,85,76,92,75,99,76,106,78,113,77,118,82,121,88,123,95,124,102,123,108,117,106,113,100,109,94,105,89,98,86,92,82,86,81,79,81,72,79,65,78,60,83,55,88,50,92,43,94,37,91,117,65,117,72,119,79,121,86,123,93,124,101,125,108,126,115,127,122,127,129,127,137,128,144,130,151,129,157,129,157,123,155,118,159,118,165,121,171,126,175,126,181,127,188,129,194,131,201,134,206,137,212,143,213,148,208,99,156,103,154,108,153,111,149,114,145,117,142,121,139,124,141,121,145,117,147,116,152,115,157,112,161,108,164,106,168,104,172,108,175,112,178,116,180,116,184,113,188,113,193,115,197,117,202,120,206,122,210,124,214,127,218,123,220,118,222
336,60,144,60,140,60,135,58,131,57,127,55,123,53,119,52,114,53,110,54,106,56,102,60,101,64,102,69,101,73,100,77,99,82,98,86,97,91,98,95,97,99,98,103,100,106,103,110,106,113,109,116,113,119,116,121,119,123,124,124,128,124,133,124,137,121,140,118,143,115,147,111,150,107,152,103,153,99,155,98,159,32,75,29,79,27,83,24,86,22,91,23,95,26,98,31,98,34,95,38,91,40,88,43,84,47,81,48,77,49,72,75,172,69,171,64,167,58,164,52,161,46,159,40,159,34,156,30,151,30,145,31,139,35,133,39,128,39,122,35,119,31,116,34,110,39,108,45,111,47,118,50,123,51,129,49,135,45,140,49,144,51,66,58,68,64,71,71,74,78,75,85,76,92,75,99,77,106,79,113,79,117,84,121,91,123,98,123,105,122,111,117,107,114,101,109,95,105,90,98,87,93,83,86,82,78,80,71,79,64,79,59,84,55,89,49,93,42,96,37,92,118,65,117,72,118,80,121,86,123,93,124,101,125,108,126,115,127,123,127,130,127,137,129,145,130,152,130,158,130,158,124,157,119,161,118,167,121,172,126,176,127,182,128,189,129,195,131,201,133,207,137,212,143,212,148,208,100,158,104,156,109,156,113,156,115,151,118,147,122,144,127,143,127,148,122,149,118,152,118,157,116,162,113,166,108,168,107,172,108,177,113,178,118,179,118,184,116,188,112,191,114,195,117,199,118,204,121,208,123,213,126,217,122,220,117,221
337,60,144,60,139,59,135,57,131,56,127,54,122,53,118,50,115,50,110,51,106,54,102,59,102,63,103,68,102,72,100,76,99,81,99,85,98,90,98,95,97,99,98,103,100,106,103,110,106,113,110,116,113,119,117,122,120,124,125,124,129,124,134,125,138,122,141,118,144,115,147,112,151,107,152,103,153,99,155,98,159,32,75,30,79,27,83,25,87,23,91,24,95,27,98,31,98,35,95,37,91,40,88,43,84,46,82,48,77,49,73,76,172,70,170,64,167,59,164,53,161,47,160,40,159,34,156,30,151,30,145,31,139,36,134,39,129,40,123,37,118,32,118,34,112,39,109,44,112,47,117,50,122,51,128,50,134,47,140,49,145,51,66,58,68,65,71,71,73,78,75,85,76,93,75,99,77,106,80,113,80,117,85,121,91,123,98,123,106,122,112,116,109,114,102,110,96,105,90,99,88,93,83,86,82,79,80,72,79,65,79,60,83,55,89,49,92,43,96,38,92,118,65,118,72,118,80,122,86,123,93,125,101,125,108,126,115,127,123,128,130,127,137,129,145,130,152,130,159,130,159,124,157,119,161,118,167,121,172,125,177,127,183,128,190,129,196,131,202,134,208,138,213,144,213,148,208,100,159,105,157,109,158,113,157,115,152,118,148,122,145,127,143,127,147,123,150,119,153,118,158,116,163,112,167,108,169,106,174,109,177,114,178,118,181,118,186,114,189,112,192,115,196,117,200,118,205,121,209,124,214,127,218,122,220,117,221
338,57,143,59,139,58,135,56,131,56,126,53,122,52,118,49,114,47,110,46,106,47,102,51,100,56,100,60,100,65,99,70,98,74,97,79,96,83,96,88,97,92,98,97,99,100,102,104,106,108,108,112,110,115,114,118,117,120,121,121,126,121,130,122,135,121,139,117,142,114,145,111,149,107,152,103,153,98,154,97,158,31,75,28,79,26,83,24,87,22,91,23,95,27,98,31,98,35,95,38,92,41,88,44,84,47,82,49,78,49,73,76,171,70,169,64,166,58,163,52,160,46,158,39,157,33,154,28,150,27,144,29,137,32,131,36,126,38,120,35,115,29,116,31,109,36,106,42,108,45,114,46,120,49,125,48,132,45,137,47,143,52,67,59,68,66,72,72,74,80,75,87,76,94,75,100,79,107,81,113,83,117,89,120,96,123,103,124,110,120,115,115,109,113,103,109,96,104,91,98,87,92,83,85,82,78,81,71,79,64,79,59,84,55,90,48,94,42,96,37,91,117,65,118,72,119,80,121,87,123,94,125,101,125,108,126,115,127,123,128,130,128,137,129,145,130,152,130,159,130,159,124,158,119,163,119,169,123,173,126,179,127,185,128,191,129,198,132,204,135,209,139,214,145,212,149,207,101,158,105,156,110,157,114,154,116,150,119,146,124,144,129,145,127,149,122,151,118,153,118,158,116,163,112,166,108,168,106,173,109,177,113,176,118,178,117,183,115,188,112,191,114,195,116,200,119,204,122,208,124,213,127,216,123,219,118,221
339,56,142,57,138,57,133,56,129,54,124,53,120,50,116,47,112,44,109,43,104,44,100,48,99,52,97,57,97,61,97,66,95,70,94,74,93,79,93,84,93,88,95,92,96,96,98,100,101,103,104,107,107,110,110,113,114,115,118,116,122,118,127,118,131,117,136,115,140,112,143,109,147,106,149,102,152,98,154,96,157,31,75,29,79,26,83,24,87,22,91,23,95,26,98,31,98,35,95,38,92,40,88,43,84,46,81,49,78,49,73,76,170,70,168,64,165,58,162,52,159,46,158,39,157,33,155,29,150,26,144,27,137,29,131,33,126,36,121,34,114,28,113,30,108,36,105,41,108,44,113,47,119,48,125,46,131,43,137,46,142,52,67,59,69,66,71,72,73,79,75,86,76,93,75,99,78,105,80,112,83,116,89,119,95,122,102,122,109,118,112,114,106,111,100,107,95,101,90,96,86,90,82,83,81,76,80,70,79,63,79,58,85,53,90,48,94,41,96,37,91,117,66,118,73,119,80,121,88,123,95,124,102,125,109,126,116,127,124,128,131,128,138,129,145,130,153,130,160,130,160,124,160,120,164,120,170,124,174,127,180,127,186,129,192,130,198,132,204,135,210,139,214,145,213,149,208,100,160,103,156,107,155,111,152,114,148,117,145,122,143,126,145,123,148,118,149,115,153,115,157,114,162,112,167,109,170,107,174,106,179,109,181,114,183,118,185,118,190,114,193,114,197,117,201,119,205,122,209,125,213,127,218,124,221,119,222
340,56,142,58,138,57,134,56,129,54,125,52,121,51,117,48,113,46,109,44,105,45,101,48,98,53,97,57,97,61,95,66,94,70,93,75,91,79,91,84,92,88,93,92,95,96,97,100,100,103,103,106,107,109,110,112,113,114,118,115,122,116,126,116,131,116,135,115,140,112,143,109,146,105,149,102,152,98,154,96,158,31,75,28,79,27,83,24,87,22,91,23,95,27,98,31,98,35,95,38,91,41,87,43,84,47,81,49,77,49,72,76,170,69,169,64,166,58,163,52,160,46,158,39,157,33,155,29,150,26,144,27,137,29,131,34,126,36,120,33,115,28,113,31,108,37,105,42,108,45,114,47,119,47,126,46,132,43,138,46,142,52,67,59,69,65,71,72,73,79,75,86,75,92,75,98,78,105,80,111,84,114,89,118,95,120,102,121,109,118,112,114,106,110,101,106,95,101,90,96,86,90,82,83,81,76,81,69,79,62,79,58,85,54,90,48,94,42,96,37,91,118,66,118,73,119,81,121,88,122,95,124,102,125,109,126,116,127,124,128,131,128,138,129,145,130,153,131,160,131,160,125,159,121,164,122,170,125,175,127,181,127,187,129,193,131,199,132,205,135,211,140,214,145,212,149,207,100,161,102,157,106,155,110,153,112,148,115,145,119,143,124,144,122,146,117,148,114,152,114,156,114,161,112,165,108,168,107,172,105,177,105,181,109,183,114,184,117,187,117,192,115,196,116,200,118,205,121,209,123,213,126,217,124,221,119,222
341,57,142,58,138,57,133,56,129,54,125,53,121,51,117,48,113,46,109,45,105,47,101,50,98,55,98,59,97,63,95,67,93,72,92,76,91,81,91,85,91,89,93,93,95,97,98,100,100,104,104,106,107,109,111,112,115,114,119,116,123,116,127,117,132,116,136,114,140,112,144,109,147,105,149,102,152,98,155,96,159,31,75,29,79,27,83,24,87,22,91,23,95,27,98,31,98,35,95,38,92,40,88,43,84,47,81,49,78,49,73,76,170,70,169,64,166,58,162,52,159,46,158,39,157,33,155,28,150,27,144,28,137,31,131,35,126,37,120,34,115,28,114,31,108,36,105,41,108,45,113,46,120,48,125,47,132,44,138,47,143,51,67,58,68,64,70,71,73,78,75,85,76,92,75,98,77,104,81,110,83,113,89,116,95,119,101,121,108,118,113,114,107,111,101,106,95,101,90,96,86,90,82,84,81,77,81,70,80,63,80,58,85,53,91,47,94,41,97,37,91,117,66,118,73,119,80,121,88,122,95,124,102,125,109,126,116,127,124,128,131,128,138,129,145,130,153,131,162,131,162,126,162,122,167,122,172,125,177,127,183,128,189,129,195,131,200,132,206,135,211,140,214,145,212,149,207,100,161,102,157,107,155,111,154,112,149,115,145,119,144,124,144,122,147,117,148,114,152,114,157,114,161,112,166,108,168,107,173,106,178,105,183,110,183,115,184,118,188,118,193,115,197,115,201,118,205,120,209,123,213,126,217,124,221,119,222
342,57,142,58,138,57,134,56,129,54,125,53,121,51,117,49,113,46,109,46,105,48,101,53,100,57,99,61,97,65,95,69,94,74,92,78,91,82,91,87,92,91,92,95,95,99,97,102,100,105,103,108,107,110,111,113,115,115,119,116,123,117,128,117,132,117,137,115,141,112,144,109,148,105,150,102,153,98,154,96,158,31,75,29,79,26,83,24,87,22,91,23,95,27,98,31,98,35,95,37,91,40,88,43,84,47,81,49,78,49,73,76,170,70,168,64,166,58,163,52,160,45,158,39,157,33,154,28,150,27,143,28,137,31,131,36,126,37,120,34,115,28,114,31,108,36,106,42,109,45,114,47,120,49,126,47,132,44,138,47,143,52,67,59,69,65,71,72,73,79,75,86,76,93,75,99,77,105,80,111,83,115,89,119,95,121,101,122,108,118,111,114,105,110,99,106,93,101,89,95,85,90,81,83,81,76,81,69,79,62,80,58,86,53,91,47,94,41,97,37,91,117,66,118,73,119,80,120,88,122,95,124,102,125,109,126,116,127,124,128,131,128,138,129,145,130,153,132,164,132,164,126,163,122,166,120,172,122,177,126,182,127,188,128,194,130,199,131,205,135,210,139,214,144,212,148,207,100,162,103,159,108,158,112,156,113,151,115,147,119,145,124,144,123,147,119,149,116,153,115,158,115,163,113,167,111,171,108,175,106,180,105,184,108,186,113,185,115,188,117,193,116,197,115,202,118,206,121,210,123,214,126,218,123,221,119,223
343,57,141,58,137,57,132,55,128,54,124,53,119,52,115,50,111,50,106,53,103,57,101,61,99,65,96,68,93,72,91,76,89,80,88,85,86,89,86,93,86,98,88,101,90,105,94,108,97,110,100,112,104,114,109,116,113,117,117,117,122,117,126,118,131,118,135,115,139,113,142,109,145,106,147,102,151,98,153,96,156,32,75,30,79,26,82,24,86,22,91,22,95,25,98,30,98,34,96,37,92,40,89,43,85,46,82,49,78,49,73,76,169,70,167,64,164,58,162,52,159,45,157,39,156,33,153,29,148,27,142,29,136,32,130,36,125,37,118,31,115,27,113,31,107,37,106,43,109,45,114,48,120,48,126,47,132,44,137,47,142,51,66,57,68,64,70,71,72,77,74,84,76,90,76,97,75,103,79,109,79,115,82,117,89,121,94,123,101,119,106,114,102,111,96,106,92,101,87,95,84,89,82,82,81,75,80,68,79,62,80,58,86,53,90,47,93,42,97,37,92,118,66,118,73,118,81,121,87,123,94,123,101,125,108,126,116,127,123,127,130,128,137,129,145,130,152,132,164,132,164,126,162,121,165,119,171,121,176,126,180,127,186,128,193,130,199,131,205,135,210,139,214,145,212,149,207,99,160,102,157,106,155,110,153,112,149,115,145,119,143,123,145,120,147,116,150,113,154,114,158,113,163,111,166,108,170,107,175,106,179,105,184,110,184,115,185,117,189,117,193,115,198,116,202,118,206,121,210,123,214,126,218,123,222,119,223
344,58,141,59,137,58,133,57,128,56,124,55,120,56,116,58,112,59,108,62,104,65,101,68,98,70,95,74,92,77,90,81,89,86,87,90,86,94,86,98,86,102,88,106,91,109,94,112,97,114,101,117,104,118,108,119,113,119,117,118,121,118,125,117,130,116,134,113,137,111,141,109,145,106,148,103,151,99,153,98,157,32,75,28,79,25,82,22,86,20,91,21,95,25,98,30,98,34,96,37,92,40,88,43,84,47,81,49,77,49,72,75,169,69,167,63,164,57,161,51,159,44,157,38,155,32,152,28,146,28,140,30,133,34,128,36,122,35,116,28,116,26,111,30,106,37,105,43,108,45,114,48,120,49,126,47,133,44,138,47,143,51,66,57,68,64,70,70,72,77,74,83,76,90,76,97,75,103,78,109,76,115,78,120,83,122,89,123,96,120,102,115,100,112,94,107,89,101,87,95,83,89,81,82,81,75,80,69,78,62,80,59,85,54,90,48,94,43,97,38,92,119,66,117,73,118,80,122,87,124,94,124,102,125,109,126,117,127,124,128,131,128,139,129,146,130,154,131,162,131,162,125,161,122,166,120,172,123,176,126,182,127,188,128,194,130,199,132,205,135,210,140,214,145,212,149,207,100,161,101,156,105,154,109,153,111,148,114,145,119,143,122,146,118,147,114,151,113,155,113,160,111,164,108,168,106,172,104,177,103,181,107,183,112,183,115,185,116,190,115,195,115,199,117,203,119,207,122,211,124,215,127,219,122,221,118,223
345,58,143,60,139,59,135,57,131,56,127,55,123,55,119,55,114,56,110,59,107,61,104,65,101,69,101,73,99,77,97,81,96,85,94,89,93,94,93,98,93,102,95,105,98,109,100,112,103,114,107,117,110,119,114,121,118,121,122,121,127,121,131,120,135,118,139,115,141,112,145,110,148,106,151,102,153,99,156,99,160,32,75,28,78,25,82,22,86,20,90,21,95,24,99,29,99,33,96,36,92,39,88,42,84,46,81,48,77,49,72,75,170,69,168,63,165,57,162,50,159,44,158,37,156,32,152,29,146,29,140,31,133,36,129,38,122,36,117,29,117,26,113,29,106,35,105,41,108,45,113,48,119,50,126,49,132,46,138,48,144,51,66,58,68,64,71,71,73,79,74,86,76,93,75,100,77,106,78,113,78,119,82,122,89,124,96,125,103,122,109,117,104,114,98,110,92,105,88,98,86,92,82,85,81,77,80,70,79,63,79,59,85,55,90,49,93,42,96,37,91,118,66,118,73,119,81,121,88,124,95,124,102,125,109,126,117,127,124,128,132,128,139,129,146,130,154,132,165,132,165,126,163,120,165,119,170,121,176,126,180,128,185,128,191,129,197,131,203,134,209,138,213,144,211,149,207,101,161,105,158,109,157,112,153,113,149,117,146,121,144,125,144,122,147,118,150,116,154,116,159,114,164,111,167,109,171,107,175,104,180,106,183,111,183,115,184,117,189,116,193,115,198,116,202,119,206,121,210,124,214,126,218,123,221,118,223
346,59,143,60,138,59,134,57,129,56,125,54,120,51,116,49,112,45,109,43,105,42,100,44,96,48,96,53,96,58,95,62,93,67,92,72,92,76,91,81,92,86,94,90,95,94,98,98,101,102,104,105,107,109,110,112,114,115,118,117,122,118,127,118,131,119,136,117,140,114,144,110,147,106,149,103,153,98,154,97,158,32,75,29,79,26,83,23,86,21,90,22,95,25,98,30,98,34,96,37,92,39,88,42,84,46,81,49,78,49,73,76,170,70,169,64,166,58,163,52,160,46,159,39,158,34,154,29,150,29,144,30,137,33,132,37,126,38,120,33,117,28,115,30,109,36,107,42,110,45,115,49,120,49,127,49,133,45,138,48,143,53,67,60,68,66,70,72,73,79,75,85,75,92,75,99,76,105,78,111,77,116,81,120,87,123,93,123,100,120,105,115,102,112,96,107,91,102,87,96,84,91,81,84,81,77,80,71,79,64,79,59,83,54,88,49,92,43,94,37,91,118,65,117,72,119,80,121,87,124,94,125,101,125,108,126,116,127,123,128,131,128,138,129,145,130,153,132,163,132,163,126,161,120,164,118,169,120,175,125,179,127,184,128,191,130,197,131,203,134,209,138,214,143,212,148,208,100,161,103,158,108,157,111,154,112,149,116,146,120,144,123,145,120,149,116,151,116,156,115,161,113,165,110,169,107,173,105,177,105,182,109,183,114,183,117,187,117,191,114,195,116,199,118,204,120,208,122,212,125,216,127,220,123,223,118,224
347,60,142,60,137,59,133,57,129,55,125,54,120,52,116,50,112,48,108,48,103,49,99,53,97,57,95,61,93,65,90,69,88,73,86,78,86,83,87,87,88,91,89,95,92,98,96,102,98,105,102,107,105,110,109,111,114,113,118,115,122,116,126,118,131,118,135,115,139,112,143,109,146,105,148,101,150,97,152,96,156,32,75,30,79,27,83,24,86,22,90,22,94,26,97,31,97,34,95,37,91,40,87,43,84,46,81,48,77,49,73,77,170,71,169,65,166,59,164,53,161,47,159,41,158,35,156,30,152,29,146,31,140,34,134,36,128,39,123,35,118,30,117,33,111,38,109,44,111,47,116,49,122,50,128,49,134,46,140,49,144,52,66,59,68,65,71,71,74,78,75,85,76,92,75,98,77,105,78,111,80,116,84,119,91,122,97,123,104,119,109,115,104,112,98,108,92,102,89,96,84,90,82,83,81,76,79,70,79,63,80,58,85,53,90,48,93,42,97,37,92,119,65,118,72,118,79,121,86,123,93,124,100,125,108,126,115,127,122,127,130,127,137,129,144,130,152,130,160,130,160,124,158,119,162,117,168,120,173,125,177,127,184,128,190,129,197,131,203,135,209,139,214,145,212,149,207,98,158,102,155,107,153,110,150,113,146,116,143,118,139,122,141,122,146,118,148,116,152,114,157,113,162,111,166,108,170,106,174,104,179,107,181,112,182,115,185,116,190,114,194,116,199,118,203,120,208,122,212,124,216,127,220,123,222,118,224
348,60,142,60,138,59,133,58,129,56,125,54,121,55,116,55,112,56,108,58,104,60,100,63,97,66,95,70,92,74,90,78,88,82,86,86,86,91,87,95,87,99,89,102,92,105,95,108,98,110,102,113,106,114,110,115,114,117,118,117,122,118,127,119,131,118,135,116,139,113,142,110,145,107,149,103,151,99,153,98,157,32,75,29,79,27,83,24,87,22,91,23,95,26,98,31,97,35,95,37,91,40,87,43,84,47,81,48,77,49,72,76,171,70,170,64,167,59,164,53,161,47,160,41,159,35,156,30,152,30,146,31,140,34,135,38,129,39,123,36,118,31,117,34,111,39,109,45,112,47,117,50,122,50,128,49,134,46,140,49,144,51,66,57,68,64,70,70,72,77,74,84,75,91,75,97,76,104,78,110,77,116,80,119,86,122,92,123,99,119,104,115,100,112,94,107,90,101,86,95,83,88,81,81,81,75,80,68,78,61,79,58,85,53,90,48,94,42,97,37,92,118,65,118,72,118,79,121,86,123,93,124,100,125,107,126,115,126,122,126,129,128,136,129,144,129,151,130,159,130,159,124,157,119,161,118,167,121,172,125,177,127,183,127,189,129,196,131,202,134,208,138,213,144,213,148,208,99,159,102,155,107,154,110,150,113,146,116,143,119,139,122,141,120,146,117,149,115,154,114,159,111,163,108,167,107,172,105,176,104,181,109,181,113,181,116,185,115,190,113,195,116,199,117,203,120,208,121,212,124,216,127,220,123,222,118,224
349,60,143,60,138,58,134,57,130,55,126,54,122,52,117,49,114,49,110,50,105,53,102,58,101,62,101,67,99,70,96,75,95,79,94,84,93,88,93,93,94,97,94,101,98,104,101,108,103,111,107,114,110,116,114,119,118,121,122,121,126,122,131,123,135,121,139,118,142,115,145,111,149,107,151,103,152,99,154,97,157,32,75,29,79,27,82,24,86,22,90,23,94,26,98,31,98,34,96,37,92,40,88,43,84,46,82,48,78,49,73,76,172,70,170,64,167,58,164,52,162,46,159,39,157,33,155,29,150,29,144,31,138,35,133,38,127,40,121,34,118,30,116,33,111,39,107,44,112,46,117,49,122,50,128,50,135,46,140,49,145,51,66,58,68,64,71,71,74,78,75,86,76,93,75,99,78,106,79,113,79,118,85,121,91,124,98,124,105,121,112,117,107,115,100,110,94,106,89,99,88,93,83,86,82,79,80,72,79,65,79,59,83,55,89,49,93,43,96,38,91,118,65,117,72,118,79,121,86,123,93,124,100,125,108,126,115,127,122,127,129,127,137,129,144,130,151,129,158,129,158,123,156,118,160,118,167,122,172,126,176,127,183,127,189,129,196,131,202,134,207,138,213,144,214,148,209,99,156,104,155,108,154,113,153,116,149,118,145,122,142,127,141,126,146,122,149,119,152,117,157,115,162,111,164,108,167,106,172,108,176,113,177,116,181,118,185,115,189,113,192,115,197,117,201,118,206,121,209,124,214,126,218,122,220,117,221
350,55,140,57,136,56,132,55,127,54,123,52,119,49,115,46,112,43,108,41,104,40,100,44,97,48,95,53,94,57,93,61,91,66,89,71,89,75,89,80,91,84,92,88,94,92,96,96,99,100,102,103,105,107,108,110,111,112,115,115,119,116,124,116,128,116,133,114,137,111,141,109,145,105,147,101,149,97,151,94,154,31,75,28,79,25,82,23,86,21,91,23,95,27,97,31,97,35,95,38,91,41,88,43,84,47,81,49,77,49,72,75,168,69,166,63,164,57,161,52,158,46,156,39,155,33,154,28,150,25,144,26,138,28,132,32,127,34,121,32,116,28,112,30,107,36,105,42,108,44,114,47,119,47,125,45,131,42,137,45,141,53,67,60,68,66,71,72,73,79,74,85,75,92,75,99,76,105,78,111,77,117,80,121,86,122,92,123,99,119,104,115,99,111,95,107,89,101,86,96,83,89,81,82,81,76,79,69,78,63,78,59,84,55,89,49,92,43,94,37,91,117,64,118,71,119,78,121,85,123,92,123,100,124,107,126,114,127,121,127,128,127,136,128,143,129,150,130,157,130,157,124,157,120,161,121,167,124,173,126,179,127,185,128,191,130,198,131,204,134,209,139,213,145,213,148,208,96,154,100,151,103,147,108,146,113,144,114,140,119,138,122,142,118,144,115,147,112,151,112,156,110,161,108,165,105,170,103,174,104,178,109,178,114,179,116,184,115,188,113,193,114,197,117,201,119,205,121,210,123,214,126,218,123,222,118,223
351,55,141,57,137,56,133,55,128,54,124,53,120,52,115,49,112,46,108,44,104,44,99,47,97,51,95,56,94,60,94,65,93,69,92,74,91,78,91,83,92,87,94,91,96,95,98,99,100,103,103,106,105,110,108,113,111,115,115,116,120,116,124,116,129,116,133,114,137,111,141,109,145,105,147,102,150,97,151,95,154,31,75,28,79,25,83,21,86,19,91,22,94,25,98,30,98,34,96,37,92,40,89,43,85,47,81,49,77,49,72,75,169,69,168,63,165,57,162,51,159,45,157,39,155,32,154,28,150,26,144,26,137,29,131,33,126,35,120,31,116,26,113,29,108,35,106,41,108,44,114,47,119,47,125,46,132,42,137,45,141,53,66,59,68,66,70,72,73,79,74,85,75,92,75,99,76,105,78,111,76,117,80,121,85,123,91,124,98,121,104,116,102,113,96,108,91,104,87,98,84,91,81,85,81,78,80,72,79,65,79,60,83,55,88,50,92,44,95,38,91,118,65,118,72,120,80,122,87,124,94,124,101,126,109,127,116,128,123,128,131,128,138,129,145,130,153,129,158,129,158,123,158,120,163,121,169,124,174,126,180,127,186,129,192,129,198,132,204,135,209,139,213,145,213,148,208,99,158,102,154,105,151,109,149,112,145,116,142,120,141,122,144,117,145,114,149,113,153,112,158,110,162,106,165,105,170,103,174,104,178,109,179,114,181,117,184,115,188,113,192,115,197,116,201,118,205,121,209,123,213,126,217,122,220,118,222
352,55,141,56,136,55,132,55,127,54,123,52,118,50,114,47,110,45,106,45,101,45,97,49,95,54,95,59,95,63,96,68,97,73,96,77,95,81,97,86,97,90,97,95,98,100,99,104,101,108,103,111,106,115,109,118,113,119,117,121,122,122,126,120,131,120,135,118,139,114,143,111,146,107,148,103,150,98,151,95,154,31,75,28,79,25,83,22,86,20,91,21,95,25,98,30,98,35,96,38,92,41,89,43,85,47,81,49,77,49,72,75,168,69,166,63,163,57,161,50,158,44,156,38,155,31,152,27,147,26,141,27,134,30,128,35,124,36,117,30,115,25,113,28,107,34,105,40,106,43,112,46,118,48,124,46,130,43,136,45,141,52,67,59,68,65,71,72,74,79,75,86,76,93,75,100,77,106,79,113,77,118,82,121,89,123,96,124,103,122,109,116,106,114,99,110,93,105,88,99,86,93,82,86,81,79,80,72,79,65,79,59,83,55,88,49,92,43,95,37,91,118,65,118,72,120,80,122,86,125,93,125,101,125,108,126,115,127,123,128,130,128,137,129,145,130,152,130,158,130,158,124,157,119,162,119,168,122,173,127,178,127,184,128,191,129,197,131,203,135,208,139,213,144,213,148,208,98,158,102,155,106,154,111,151,113,147,116,144,120,141,124,142,122,145,118,148,116,153,114,157,113,162,111,166,108,170,106,174,106,179,111,180,115,182,117,186,115,191,114,194,116,199,118,203,120,208,122,212,125,216,127,220,123,222,118,223
353,55,141,56,136,56,131,55,127,53,123,52,118,50,113,47,109,44,106,43,101,42,96,45,93,50,93,55,94,60,94,65,95,69,97,74,96,79,96,83,98,88,99,93,100,98,100,103,101,107,102,111,105,114,109,118,112,121,116,122,121,123,125,123,130,120,134,118,139,115,142,111,145,107,147,102,148,97,149,94,152,31,75,28,79,26,83,23,87,21,91,22,95,26,98,31,98,35,95,38,92,41,88,43,84,47,81,49,77,49,72,75,169,69,167,63,164,57,161,51,159,45,157,39,155,32,153,27,149,25,143,26,137,28,131,32,126,35,120,32,115,27,113,30,107,36,105,41,108,43,114,46,120,47,126,45,132,42,138,45,142,53,67,60,68,66,71,73,73,80,74,86,76,93,75,100,76,106,78,113,77,119,81,121,88,123,94,124,101,121,107,116,103,113,97,109,91,103,87,97,85,91,81,85,81,78,80,71,78,64,78,60,84,55,88,49,92,43,94,37,91,117,64,117,71,120,78,122,85,124,92,125,100,125,107,126,114,127,122,127,129,127,136,129,144,130,151,130,157,130,157,124,156,119,160,119,167,123,172,127,177,127,183,128,190,130,196,131,202,135,208,139,213,144,213,148,208,99,156,102,153,107,152,111,150,113,146,117,142,121,139,124,141,121,144,117,147,115,152,114,156,112,160,109,164,106,168,103,172,106,176,110,177,115,180,116,184,113,188,113,193,115,198,117,202,119,206,122,211,125,215,127,219,123,221,118,222
354,60,143,60,138,58,134,57,130,55,126,54,121,53,117,50,113,50,108,52,104,55,101,60,101,64,101,69,99,73,98,77,96,82,95,86,95,91,95,96,95,100,96,104,99,107,101,110,105,114,108,117,111,120,115,122,119,123,124,123,128,125,133,124,137,120,139,117,142,114,146,110,149,106,151,101,151,97,152,97,156,32,75,29,79,27,83,24,87,22,91,24,95,27,98,32,98,35,95,39,91,41,87,44,84,48,81,48,77,49,72,76,172,70,170,64,167,59,164,53,161,47,159,40,158,34,156,29,152,28,146,30,140,34,134,38,129,39,123,37,118,31,117,33,111,38,109,44,112,46,117,50,122,50,128,49,134,46,140,49,144,51,66,58,68,64,71,71,73,79,74,86,76,93,75,100,78,107,78,114,79,119,84,122,91,124,98,125,105,122,111,117,107,115,100,111,94,106,89,99,87,93,83,86,82,79,80,72,79,64,79,60,84,56,90,49,93,43,96,37,92,118,64,117,71,118,79,121,86,123,93,125,100,125,107,126,114,127,122,127,129,127,136,129,144,130,151,129,156,129,156,122,155,118,159,119,166,122,171,126,177,128,183,128,190,129,196,132,202,135,208,138,214,145,213,149,208,99,156,104,154,109,154,113,151,115,147,119,143,123,140,126,142,123,147,119,150,118,155,116,159,113,163,109,166,105,170,106,173,110,176,115,177,117,182,116,187,112,189,113,193,116,197,118,202,120,206,122,211,125,215,127,218,123,221,118,222
355,60,143,60,139,59,134,57,130,56,126,55,122,55,118,56,113,56,109,60,107,62,103,66,101,70,99,73,96,77,94,81,92,85,90,89,90,94,89,98,89,102,91,105,94,109,97,111,101,114,104,116,108,118,112,120,116,121,120,121,125,122,129,122,133,120,137,117,140,114,143,111,147,108,150,104,152,100,154,98,157,32,75,29,79,27,83,24,86,22,91,23,95,27,97,32,97,35,94,38,91,40,87,43,84,47,81,48,77,49,72,76,172,70,170,65,167,59,164,54,161,48,160,41,159,36,157,31,153,30,147,31,141,34,135,38,131,39,125,37,119,32,118,33,111,39,109,44,112,47,117,49,123,51,129,50,135,46,140,49,145,50,66,57,68,63,70,70,73,77,75,83,76,90,76,97,76,104,78,110,77,117,80,120,85,122,92,123,99,121,105,115,102,113,96,108,91,103,88,97,85,90,82,84,81,77,80,70,79,63,79,58,85,54,90,48,93,42,97,38,91,117,64,117,71,119,78,121,85,123,92,124,99,124,107,126,114,126,121,127,128,127,136,128,143,129,150,130,158,130,158,124,156,119,160,118,166,121,171,126,176,127,183,127,189,129,195,131,202,134,208,138,213,144,213,148,208,99,157,103,154,108,153,111,150,114,146,118,143,121,140,125,139,123,143,120,147,117,151,116,155,114,160,111,164,108,167,106,172,106,176,110,179,115,181,117,185,115,190,113,194,116,198,117,203,120,207,122,211,124,215,127,219,123,221,118,223
356,59,143,60,139,58,134,57,130,55,125,53,121,52,117,49,113,47,109,48,105,51,102,56,101,60,100,65,99,69,98,74,97,78,96,83,96,88,96,92,96,97,97,101,98,105,101,109,104,112,107,115,111,118,114,120,118,122,123,123,127,124,132,125,136,122,139,118,143,115,146,111,148,106,150,102,151,98,152,97,156,32,74,30,78,28,82,25,86,23,90,24,94,26,98,31,98,35,95,37,92,40,88,43,84,46,82,48,78,49,73,76,172,70,170,64,167,59,164,53,161,47,160,41,159,35,156,30,152,29,146,30,139,33,134,37,129,38,123,35,118,31,116,33,110,39,108,44,112,46,117,49,122,50,129,49,135,46,140,49,145,51,66,58,68,65,71,72,74,79,75,86,76,93,75,100,78,106,79,113,79,119,84,122,91,124,97,125,105,123,112,117,107,114,101,110,95,106,89,99,88,93,83,86,82,79,81,72,79,64,79,59,84,55,90,49,93,42,96,37,91,117,64,117,71,119,79,122,85,123,93,124,100,125,107,126,115,127,122,128,130,128,137,129,144,130,152,129,157,129,157,123,156,119,160,118,166,122,171,126,176,127,182,128,188,129,194,131,200,133,206,137,211,142,213,147,209,99,156,103,155,108,155,113,154,115,149,118,145,123,142,127,143,127,147,122,149,118,152,117,157,115,162,112,166,107,168,106,173,110,176,115,177,118,181,117,186,113,188,112,193,116,197,117,201,120,206,122,210,124,215,126,218,122,220,117,222
357,57,142,57,137,56,132,55,127,53,123,53,118,50,114,47,110,43,107,41,103,39,98,42,95,47,95,52,95,57,95,62,96,66,96,71,94,76,94,80,96,85,97,89,99,94,100,99,102,103,104,107,107,110,110,115,113,117,117,118,122,120,126,119,131,117,135,114,139,112,144,109,148,105,150,100,150,95,150,94,154,32,75,29,78,27,82,25,87,23,91,24,95,27,98,31,98,35,96,38,92,41,88,43,84,47,81,49,78,49,73,76,169,70,168,64,165,58,162,52,159,46,158,40,157,34,154,29,150,27,144,27,138,29,132,33,127,36,121,35,115,29,114,31,108,36,105,41,107,45,113,47,119,48,125,47,131,44,137,46,142,52,67,59,68,65,71,72,73,78,75,85,76,92,75,98,76,105,78,111,77,117,81,120,87,123,93,123,100,121,106,116,104,113,98,108,93,103,88,97,85,91,81,85,81,78,80,71,78,64,78,60,83,55,88,49,92,43,94,37,91,118,65,118,72,119,80,121,87,123,94,124,101,125,108,126,115,126,123,127,130,127,137,128,145,129,152,129,156,129,156,122,155,118,159,118,166,122,171,126,176,127,182,127,189,128,196,131,202,134,207,138,213,144,213,148,208,97,154,101,151,106,149,110,147,113,143,117,140,120,136,124,138,120,141,118,146,116,150,114,155,112,159,110,164,107,168,104,172,105,176,110,177,114,180,116,184,114,189,113,194,115,198,118,202,120,206,122,211,124,215,127,219,123,221,118,223
358,58,143,59,138,58,134,57,130,55,125,54,121,53,116,50,112,47,109,44,105,43,100,45,96,49,95,54,96,59,97,63,98,68,98,73,96,77,97,82,97,87,97,91,99,96,99,100,102,104,104,108,107,112,110,115,113,117,117,118,122,120,127,120,131,120,136,117,140,115,144,111,146,107,149,102,150,98,151,96,155,31,75,28,78,27,83,24,87,23,91,24,95,27,98,32,97,35,95,38,91,41,87,44,84,47,81,49,77,49,72,76,172,70,170,64,167,58,164,53,161,46,159,40,158,34,156,29,152,27,146,29,139,32,134,36,129,37,122,35,117,30,115,32,109,38,107,43,110,46,116,48,121,49,128,48,134,45,139,48,144,52,66,59,67,65,71,72,73,79,74,86,76,93,75,100,77,107,78,114,77,119,82,122,88,124,95,124,102,122,109,118,105,114,99,110,93,105,88,99,87,94,82,87,81,79,81,73,79,66,78,60,82,56,87,50,91,43,94,37,91,117,64,117,71,119,79,121,85,124,92,124,100,124,107,126,114,127,122,127,129,127,136,128,144,129,151,129,157,129,157,123,155,118,159,118,166,122,171,126,175,126,182,127,188,129,194,131,201,134,207,137,212,143,213,148,208,99,156,102,153,107,152,111,149,113,144,117,141,121,138,124,140,120,144,117,147,115,151,114,156,112,160,108,163,106,168,104,172,106,176,111,179,115,181,117,185,114,189,113,194,116,198,117,203,120,206,122,211,125,215,127,219,123,221,118,222
359,58,143,59,139,58,134,57,130,56,125,54,121,52,117,51,113,54,111,55,107,56,103,60,101,65,102,69,101,74,101,78,99,82,98,87,97,91,95,95,96,99,97,103,100,106,103,110,105,113,108,116,112,119,115,122,119,123,123,124,128,124,132,123,137,120,141,117,143,114,147,110,149,106,151,102,153,98,155,98,159,32,75,29,79,28,83,25,87,23,91,24,95,27,98,31,97,35,94,38,91,40,87,43,84,47,81,48,77,49,72,76,171,70,169,64,166,59,163,53,161,46,160,40,158,34,156,30,151,29,145,31,139,34,134,38,129,39,122,36,118,31,117,32,111,37,108,43,111,46,116,49,122,50,128,49,134,46,139,49,144,51,66,58,68,64,71,71,73,79,74,86,76,93,75,100,77,106,78,113,78,118,83,121,90,123,97,124,104,122,111,117,109,114,102,110,96,106,90,99,88,94,83,87,82,80,80,72,79,65,79,60,83,55,89,49,93,43,96,37,92,117,65,117,72,119,79,121,86,123,93,124,101,125,108,126,115,127,122,128,130,127,137,129,144,130,151,130,158,130,158,124,157,119,161,118,167,121,172,126,176,127,182,128,189,129,195,131,201,133,207,137,212,143,212,148,208,100,158,105,156,109,157,113,154,115,150,119,146,123,144,127,145,125,149,120,151,117,155,117,160,115,164,111,167,107,170,106,175,110,178,115,178,119,181,118,186,114,189,112,193,115,197,117,202,119,206,122,210,125,214,126,218,122,220,117,222
360,58,142,59,138,58,133,56,129,55,125,53,121,52,116,52,112,55,110,57,107,57,103,61,100,65,101,69,99,73,98,77,95,81,94,86,94,89,91,94,92,98,94,101,96,105,100,108,103,111,106,114,110,117,113,119,117,122,121,121,125,121,129,121,134,119,138,116,141,113,144,110,148,107,151,103,153,99,156,98,160,32,75,29,78,27,83,24,86,23,90,23,95,26,98,31,98,35,95,37,92,40,88,43,84,46,81,48,77,49,73,76,170,70,168,64,165,58,163,52,161,46,159,40,157,33,155,29,151,28,144,30,138,33,133,38,128,39,122,37,117,31,117,32,111,37,107,43,110,45,115,49,121,50,127,49,133,46,139,48,144,51,67,58,68,65,71,71,73,79,75,86,76,93,75,99,78,106,80,113,80,117,86,120,92,123,99,124,106,122,113,117,108,114,102,109,96,105,91,98,87,93,83,86,82,79,80,72,79,64,79,59,84,55,89,49,93,42,96,37,92,118,65,117,72,118,80,121,87,123,94,125,101,125,108,126,115,127,123,128,130,127,137,129,145,130,152,130,160,130,160,124,159,119,163,118,169,122,174,126,178,127,185,129,191,130,197,131,203,135,208,139,213,145,211,149,206,101,160,105,158,110,158,113,154,115,150,118,147,123,145,127,146,124,149,120,151,118,155,117,159,116,164,113,167,109,170,107,174,108,179,113,180,117,182,118,187,117,191,113,194,115,198,117,202,119,206,122,210,124,214,127,218,123,220,118,222
361,58,143,59,139,59,134,57,130,56,126,53,122,52,117,49,113,49,110,51,106,53,102,57,101,62,102,66,101,71,100,75,99,79,98,84,98,88,97,93,97,97,98,101,101,105,104,108,106,112,109,115,113,118,116,120,120,122,124,123,128,124,133,124,137,121,141,118,144,115,148,111,150,107,151,102,152,98,154,98,158,32,75,29,78,27,82,25,87,23,91,24,95,27,98,32,98,35,95,38,91,40,87,43,84,47,81,48,77,49,72,76,172,70,171,64,167,59,164,53,161,47,159,40,159,34,156,30,151,29,145,30,139,34,133,38,128,39,122,36,118,31,116,33,110,39,108,44,110,46,117,49,121,50,127,49,134,46,139,49,144,51,66,58,68,64,71,71,74,78,75,85,76,92,75,98,78,105,80,112,82,115,88,119,94,122,100,123,107,119,112,114,108,112,101,108,96,103,91,97,87,92,83,85,81,78,81,71,80,64,79,59,84,54,89,48,93,42,96,37,92,118,65,118,72,119,80,121,87,123,94,125,101,125,109,126,116,127,123,128,131,128,138,129,145,130,153,131,162,131,162,125,160,120,163,117,169,121,175,126,179,128,185,128,191,130,197,131,204,134,209,139,214,145,212,149,207,101,160,105,158,110,159,113,157,115,152,118,148,122,145,127,144,127,148,123,151,119,154,118,159,117,164,113,167,109,170,107,174,109,178,113,180,118,181,117,186,116,190,112,193,114,197,117,201,120,205,123,210,124,214,127,217,123,220,118,222
362,58,144,60,140,59,136,57,131,56,127,55,122,53,118,50,115,47,111,45,107,45,102,49,100,54,99,58,100,63,99,67,98,72,97,77,97,81,96,86,97,90,98,95,98,99,100,103,103,107,106,110,109,113,113,116,117,117,121,119,125,120,130,120,135,119,139,116,143,113,146,110,149,106,151,102,154,98,155,97,159,32,74,29,78,27,82,25,86,23,90,23,94,26,98,30,98,34,96,37,92,40,88,43,85,46,82,48,78,49,73,76,172,70,170,64,167,59,164,53,161,46,160,40,158,34,155,30,150,29,144,31,138,35,133,38,127,38,121,34,117,29,115,32,109,38,107,43,110,46,115,48,121,50,127,50,134,46,139,48,144,51,67,58,68,65,71,71,74,79,75,86,76,93,75,99,79,106,81,112,84,116,90,119,97,122,104,123,111,119,115,115,109,112,103,108,96,104,91,97,87,91,83,84,82,77,80,70,79,63,79,59,84,55,90,48,93,42,96,37,91,118,66,118,73,119,81,121,88,123,95,124,102,125,109,126,116,127,124,128,131,128,138,129,145,130,153,131,162,131,162,126,160,121,164,120,170,123,175,126,180,127,186,128,192,130,198,131,204,134,209,138,213,143,211,148,207,101,161,104,158,109,157,112,154,114,150,118,146,123,145,127,147,124,150,120,150,116,153,116,158,115,163,114,167,110,170,108,175,106,179,109,181,114,183,118,185,118,190,116,193,114,198,117,201,119,206,122,209,124,213,127,217,123,220,119,222
363,57,143,58,139,58,134,56,130,55,125,53,121,51,117,48,113,46,110,45,105,44,101,48,99,53,98,58,98,62,97,66,95,71,93,75,92,80,92,84,93,89,94,93,95,97,98,101,101,104,104,107,107,110,111,112,115,115,119,117,123,117,128,117,132,117,137,115,141,112,144,109,148,105,150,102,154,98,155,96,159,31,75,28,79,26,83,24,87,22,91,23,95,27,98,31,99,35,95,37,92,40,88,43,84,47,81,49,78,49,73,76,170,70,169,64,166,58,162,52,159,45,158,39,157,33,154,28,149,27,143,28,136,32,131,36,126,37,119,33,115,28,113,32,107,37,104,42,108,45,114,47,119,49,125,47,132,44,138,47,143,52,67,59,69,65,71,72,73,79,75,86,76,93,75,99,78,105,81,111,84,114,90,118,96,120,103,121,110,118,113,114,107,110,101,106,95,101,90,96,86,90,82,83,81,76,81,69,80,63,79,59,85,54,90,48,94,42,96,37,91,117,66,118,73,118,81,120,88,122,95,124,102,125,109,126,116,127,124,128,131,128,138,129,145,130,153,131,161,131,161,126,160,122,165,121,171,124,175,126,181,128,187,129,193,130,199,132,204,135,209,139,214,144,213,148,208,100,161,103,157,107,156,111,153,112,149,115,145,120,143,125,143,124,146,119,146,116,150,114,154,114,159,113,164,110,168,109,172,106,176,105,181,110,182,114,184,117,187,118,192,115,196,115,200,118,204,121,209,124,212,126,216,124,220,119,222
364,56,142,58,138,57,134,56,129,54,125,53,121,52,116,49,113,46,109,45,105,45,100,49,98,54,97,58,97,62,95,67,94,71,92,75,91,80,91,85,91,89,92,93,94,97,97,100,100,103,103,106,106,109,110,112,114,114,118,115,122,115,127,116,131,116,136,114,140,111,144,108,147,105,149,102,153,98,154,96,158,31,75,28,79,27,83,24,87,23,91,24,96,27,99,31,99,35,96,38,92,40,88,43,84,46,82,49,78,49,73,76,170,69,169,63,166,58,163,52,159,46,158,39,157,33,154,29,149,27,143,27,136,30,130,35,125,36,119,33,114,28,112,31,106,37,104,42,108,45,113,47,119,47,125,46,132,43,137,46,142,51,66,58,68,64,71,71,73,77,75,84,75,91,75,97,78,104,81,110,84,114,90,116,96,120,102,121,109,118,112,113,107,109,101,106,95,101,90,96,86,90,82,83,81,76,81,70,80,63,80,58,85,53,90,48,94,42,96,37,91,117,66,118,73,118,81,120,88,121,95,123,102,125,109,126,116,127,124,128,131,128,138,129,145,130,153,131,163,131,163,125,162,122,167,122,172,124,178,127,183,128,189,129,194,130,200,132,206,135,210,139,214,144,212,148,207,100,161,102,158,107,157,111,155,112,150,114,145,119,144,124,144,125,147,120,147,116,149,114,154,114,159,113,164,109,167,107,171,106,176,105,181,109,183,114,184,118,186,118,191,116,196,114,200,117,204,120,209,123,212,126,217,124,221,119,222
365,56,142,58,138,57,134,56,129,54,125,53,120,51,116,48,113,46,109,46,104,49,101,53,98,57,98,62,97,65,94,70,93,74,92,78,90,83,90,88,90,92,91,96,93,100,96,102,100,106,103,109,106,111,110,113,114,115,118,115,123,116,127,116,132,117,136,114,140,112,144,108,146,105,149,101,152,97,154,96,158,31,75,28,79,26,83,24,87,22,91,23,96,26,99,31,99,35,96,38,92,41,89,43,84,46,81,49,78,49,73,76,170,70,168,64,165,58,162,52,159,45,157,39,156,33,153,28,149,27,142,27,136,30,130,35,125,36,118,32,114,27,113,30,107,36,105,41,108,45,113,47,119,48,125,47,132,43,137,46,142,51,66,58,68,64,70,71,73,77,75,84,76,91,75,97,77,103,80,110,82,114,87,117,94,120,100,121,107,118,112,114,107,110,101,107,95,101,90,96,86,90,82,84,81,77,81,70,80,63,81,58,85,53,90,47,94,41,97,37,91,118,66,118,73,119,81,120,88,122,95,124,102,125,110,126,117,127,124,128,132,128,139,129,146,130,154,131,163,131,163,125,162,121,167,121,173,124,177,127,183,128,189,130,195,131,201,132,207,136,211,141,214,146,211,150,206,100,162,102,158,106,156,110,154,112,150,115,146,119,144,123,145,121,147,117,149,114,153,114,157,114,162,111,166,109,170,107,174,105,178,105,183,109,183,114,185,116,189,117,193,114,197,116,201,118,205,121,209,123,213,126,217,123,221,119,222
366,56,141,58,137,57,133,56,128,54,124,53,120,52,116,52,111,52,107,54,103,58,101,62,98,65,96,69,93,72,91,76,89,80,87,85,86,89,85,94,85,98,86,101,89,105,91,108,95,110,98,113,102,114,106,116,111,116,115,116,119,116,124,116,128,116,133,114,137,112,140,108,144,105,146,102,149,99,153,97,157,31,75,28,79,25,83,22,86,21,91,22,95,26,98,31,98,35,96,37,92,40,89,43,85,47,82,49,78,49,73,75,169,69,167,63,164,57,161,51,159,44,157,38,156,32,153,28,147,27,141,29,135,32,129,36,124,36,117,30,116,27,112,31,106,37,105,42,108,45,113,47,119,48,125,47,131,44,137,47,142,51,66,57,68,64,70,70,72,77,75,84,75,90,75,97,75,102,79,109,77,114,81,117,87,120,93,122,100,118,105,114,101,110,95,106,91,100,86,94,83,88,81,81,81,75,80,68,78,61,80,58,85,53,90,48,94,42,97,37,92,119,66,118,73,118,81,121,87,124,95,124,102,125,110,126,117,127,125,128,132,128,140,130,147,130,155,131,163,131,163,126,161,121,165,120,171,123,176,126,181,127,187,128,193,130,199,131,205,135,210,139,214,145,211,149,207,99,160,101,156,105,153,109,152,112,148,115,144,119,143,124,144,122,147,117,148,114,151,113,156,113,161,110,165,109,169,107,174,104,178,104,182,109,182,113,184,116,188,116,193,114,197,116,201,118,205,121,209,123,213,126,217,123,221,119,223
367,57,141,59,137,58,133,57,129,55,125,55,121,56,117,58,113,59,109,61,105,65,102,68,99,71,96,73,93,77,91,81,88,85,88,89,87,93,86,98,86,102,88,105,90,109,93,112,96,114,99,116,103,118,107,118,112,118,116,118,120,117,125,116,129,116,133,114,137,111,140,108,144,106,147,103,150,100,153,98,157,31,75,28,78,25,82,22,86,20,91,22,95,26,98,30,98,34,96,37,92,39,87,43,84,47,81,48,77,49,72,75,170,69,168,63,165,57,162,51,159,44,157,38,156,32,152,28,147,28,140,30,134,34,129,37,123,36,117,29,117,25,113,29,107,35,105,41,107,45,113,48,118,49,125,48,131,45,137,47,143,51,66,57,68,64,70,70,72,77,74,83,76,90,76,97,75,102,79,108,76,114,77,119,82,122,88,123,94,121,100,115,99,113,93,107,89,101,87,95,83,89,81,82,81,75,80,69,78,62,80,59,85,54,90,48,94,43,97,38,92,118,66,118,73,120,81,122,88,124,95,124,103,125,110,127,117,128,125,128,132,129,140,129,147,131,155,132,164,132,164,126,162,121,165,118,171,121,176,126,180,127,186,128,192,130,198,131,205,135,210,139,214,145,212,149,207,99,160,102,156,106,155,110,152,111,148,115,145,118,142,122,143,119,146,116,149,114,154,114,159,112,163,109,166,107,171,106,175,104,180,106,183,111,183,116,185,118,189,116,193,115,198,117,202,119,206,121,211,124,215,126,219,123,222,118,223
368,58,143,59,139,59,134,56,131,55,127,54,122,55,118,54,114,53,110,57,107,60,104,63,101,67,100,71,99,76,98,80,96,84,94,88,93,92,92,97,92,100,95,104,97,107,100,111,103,113,106,116,110,117,114,119,118,120,122,120,126,120,131,119,135,117,139,114,142,111,145,108,148,104,151,102,154,98,157,98,160,32,75,29,78,26,82,22,86,20,90,21,95,24,99,29,99,33,96,35,92,38,88,41,85,45,82,48,78,49,73,75,170,69,169,62,166,57,162,50,159,44,157,37,156,32,152,29,146,29,139,31,133,36,128,37,122,34,116,28,117,27,111,30,106,36,105,42,109,45,114,48,119,49,126,49,132,46,138,48,144,51,66,58,68,64,71,71,74,78,75,86,76,93,75,100,77,106,77,113,76,118,81,121,88,124,94,125,102,122,108,117,104,115,97,110,92,105,88,98,86,92,82,85,81,78,80,71,79,63,80,59,85,54,90,48,93,42,96,37,91,119,65,118,72,118,80,121,86,123,93,124,101,125,108,126,116,127,123,128,130,128,138,129,145,130,153,132,165,132,165,127,162,121,164,119,170,121,176,126,180,128,186,129,192,130,198,131,204,134,210,139,213,145,210,150,206,100,161,104,158,108,157,112,155,113,150,115,146,119,144,124,144,121,147,118,150,116,154,116,159,114,163,112,167,110,172,108,176,106,180,108,183,113,183,115,186,116,191,115,195,115,200,118,204,121,207,122,212,125,216,127,219,123,222,119,224
369,58,143,60,139,59,134,58,130,56,125,54,121,52,117,50,112,48,108,45,104,44,100,45,95,50,95,55,95,59,95,63,92,68,91,72,91,77,91,82,91,86,93,91,94,94,97,98,100,102,103,105,106,109,110,112,113,114,117,117,121,117,126,117,131,118,135,116,140,114,144,109,146,106,149,102,152,98,153,97,157,32,75,29,79,26,83,23,86,21,91,22,95,25,98,30,98,34,96,37,92,40,88,43,84,46,81,49,78,49,73,76,170,70,168,64,165,58,162,52,160,45,159,39,157,33,154,29,149,29,143,30,136,34,131,38,126,39,119,33,117,28,115,31,109,37,107,42,110,45,115,49,120,49,127,49,133,45,138,48,143,53,67,60,68,66,71,73,73,79,75,86,76,93,75,99,76,105,78,112,77,117,82,121,88,123,94,124,101,121,107,116,103,113,97,108,92,103,87,97,85,91,81,85,81,78,80,71,79,64,79,59,83,54,88,49,93,43,95,38,91,119,65,118,72,119,80,122,87,124,94,124,101,125,109,126,116,127,124,127,131,128,139,129,146,130,154,131,162,131,162,125,160,120,163,119,169,122,175,126,180,127,186,128,192,130,198,131,204,135,210,139,214,145,212,149,207,99,160,102,157,106,155,111,154,112,150,115,146,118,143,123,142,121,147,117,149,115,153,115,158,113,162,111,166,108,170,107,175,106,180,109,182,114,182,116,186,116,191,114,195,115,199,118,204,120,208,122,212,125,216,127,220,123,222,118,223
370,60,143,60,138,59,134,57,130,56,125,54,121,53,117,51,113,49,108,48,104,49,99,53,97,57,96,61,93,64,90,69,88,73,87,78,86,82,87,87,88,91,89,95,92,99,95,101,99,105,102,107,106,110,110,112,114,114,118,115,123,116,127,118,131,118,136,115,139,112,143,108,146,105,149,101,151,97,153,97,157,32,75,30,79,27,83,24,86,22,90,22,94,26,97,31,97,34,95,37,91,40,87,43,84,46,81,48,77,49,73,76,170,70,168,64,166,59,163,53,161,47,159,41,158,35,155,30,152,30,146,31,140,34,134,36,129,39,123,36,118,31,116,33,111,39,109,44,111,47,117,49,122,50,128,49,134,46,140,49,144,52,66,59,68,65,71,71,73,78,74,85,75,92,75,98,77,104,78,111,78,116,83,119,89,122,95,123,102,119,107,114,103,112,97,107,92,102,87,96,84,90,81,83,81,76,79,70,79,63,79,58,85,54,90,48,94,42,96,37,92,119,66,116,73,117,80,121,87,123,94,124,101,125,108,125,116,126,123,127,131,127,138,128,145,130,153,130,159,130,159,124,157,118,160,116,166,119,172,125,175,127,181,128,188,129,194,130,201,133,207,137,212,143,212,148,208,99,158,103,155,107,153,111,150,113,146,117,142,120,139,122,142,120,146,116,150,115,155,114,159,113,164,109,168,106,172,105,176,104,181,109,181,114,182,115,187,114,192,114,196,117,200,119,205,121,209,122,213,126,217,127,220,123,222,118,224
371,61,143,61,139,60,134,58,130,56,126,54,122,55,118,55,113,55,109,58,106,59,101,62,99,67,97,70,94,74,92,78,89,82,88,86,88,91,88,95,88,99,90,102,93,106,96,109,99,111,103,114,107,115,111,117,115,118,120,118,124,120,128,120,133,118,137,115,140,113,144,110,147,106,150,102,151,98,154,98,158,32,75,30,79,27,83,24,87,22,91,23,95,27,98,31,97,35,95,38,91,40,87,43,83,47,81,48,77,49,72,76,172,70,170,65,167,59,164,53,161,47,160,41,159,35,157,31,152,30,146,32,140,35,135,38,129,40,123,36,119,32,117,34,111,39,109,45,112,47,117,50,122,51,128,50,134,47,139,50,144,51,66,57,68,64,70,70,73,77,75,84,76,90,76,97,75,103,78,110,77,116,80,119,86,122,92,123,98,120,104,115,100,112,94,107,90,101,87,95,83,88,82,82,81,75,80,68,79,62,79,59,85,54,90,48,94,42,96,37,92,118,65,117,72,117,79,120,86,123,93,124,100,124,107,125,115,125,122,126,129,127,137,128,144,129,151,130,159,130,159,124,157,118,160,116,166,120,171,125,175,127,181,127,188,129,194,131,201,133,207,137,212,143,212,148,207,99,158,103,155,107,154,111,151,113,147,117,144,120,141,123,142,122,146,118,148,116,153,115,157,113,162,110,165,107,169,106,174,105,179,110,180,114,182,116,186,115,190,114,194,116,199,117,203,120,207,122,212,125,215,127,219,123,221,118,223
372,59,143,59,138,58,134,57,130,55,125,53,122,51,117,48,114,46,110,45,105,47,101,51,99,56,98,60,97,64,95,69,94,73,93,78,92,83,92,87,94,92,95,96,96,100,99,103,102,106,105,110,109,113,112,115,116,118,120,119,124,120,129,121,134,120,138,116,141,113,144,110,148,106,150,102,152,97,153,96,156,31,75,28,79,26,83,24,87,22,91,24,95,27,98,32,97,35,94,38,91,41,87,44,84,48,81,49,77,49,72,76,171,70,169,64,166,58,163,52,161,46,159,40,157,34,155,29,151,27,145,29,138,32,133,37,128,38,122,35,117,29,117,31,111,37,108,42,110,46,115,48,121,49,127,49,133,45,138,48,143,52,66,59,68,65,71,72,73,79,74,86,76,93,75,100,77,106,79,113,79,118,84,121,91,123,97,124,104,121,110,116,106,114,99,110,93,104,89,98,86,92,82,85,82,78,80,71,79,64,79,59,84,55,90,49,93,43,96,38,91,117,65,117,72,119,80,121,87,123,93,124,101,125,108,126,115,127,123,128,130,128,137,129,145,130,152,129,157,129,157,123,156,118,161,118,167,122,172,125,176,126,183,127,189,129,195,131,201,134,207,138,212,144,213,148,208,98,156,102,154,107,153,112,152,115,149,117,144,121,141,126,141,125,146,121,149,118,152,116,157,115,162,112,166,109,170,106,173,108,178,113,177,116,180,116,185,114,189,113,194,115,197,118,202,120,206,122,211,124,215,127,219,123,221,118,223
373,55,140,57,136,55,132,55,127,54,123,52,118,49,115,45,112,42,109,40,104,41,100,45,97,49,95,53,94,58,93,62,91,67,90,71,89,76,90,80,92,84,93,88,96,93,98,96,101,100,104,103,107,108,108,111,112,113,116,115,120,115,125,115,130,114,134,112,138,110,142,107,146,103,149,99,149,94,149,93,153,31,75,28,79,25,83,22,86,21,91,22,95,26,98,31,98,35,96,37,92,41,88,43,84,47,81,49,77,49,72,75,168,69,166,63,164,57,161,51,159,45,156,38,155,32,154,27,149,25,143,26,137,28,131,32,126,35,120,31,115,26,113,29,107,35,105,41,107,44,113,47,119,47,125,45,131,42,137,45,141,53,67,60,68,66,71,72,73,79,74,85,75,92,75,99,76,105,78,111,76,116,80,120,85,123,92,123,98,120,104,115,100,111,95,106,90,101,86,95,83,89,81,82,81,76,79,69,78,62,79,59,84,54,88,48,92,43,94,37,91,117,64,117,71,120,78,122,85,124,93,124,100,125,107,126,115,127,122,128,130,128,137,129,144,130,152,130,159,130,159,124,157,120,161,120,167,123,172,125,178,126,184,127,190,129,196,131,202,134,207,137,212,143,213,147,208,97,155,99,151,103,148,107,147,111,144,114,140,119,140,120,144,116,145,112,148,111,153,111,158,108,162,106,166,103,169,103,174,105,178,109,178,113,181,116,185,114,189,113,193,115,198,116,202,118,206,121,210,123,214,126,218,122,221,118,223
374,57,142,58,138,57,133,56,129,55,124,54,120,52,116,49,112,46,108,45,104,44,100,48,97,53,96,57,95,62,95,66,94,71,93,76,93,80,93,85,94,88,97,93,98,97,100,101,103,105,105,109,107,113,110,116,113,118,118,119,122,120,127,120,131,118,136,116,140,113,143,110,147,106,150,102,151,97,152,96,155,31,75,28,79,25,82,21,86,20,91,22,95,25,98,30,98,34,96,37,92,40,88,43,84,47,81,49,77,49,72,75,170,69,168,63,165,56,162,50,160,44,157,37,156,31,154,27,149,27,142,28,136,31,130,36,125,37,118,31,116,26,116,28,109,34,107,40,108,44,113,47,119,49,125,47,131,44,137,47,142,52,66,59,68,65,71,72,73,78,75,85,76,92,75,99,76,105,78,112,78,117,82,121,89,123,95,124,102,121,108,116,104,113,98,109,92,104,87,98,85,92,81,85,81,78,80,71,79,64,79,59,84,54,89,49,93,42,95,37,91,118,65,118,72,120,80,122,87,124,94,124,101,125,109,126,116,127,123,128,131,128,138,129,145,130,153,130,157,130,157,124,156,119,161,119,167,122,172,126,177,128,184,128,190,129,196,131,203,135,208,138,213,144,213,148,208,99,155,103,153,108,152,111,148,114,145,118,141,122,139,125,141,121,145,117,147,116,152,115,156,112,160,108,163,106,167,104,171,108,174,112,176,115,180,115,185,112,189,113,193,116,197,117,202,120,206,122,210,124,214,127,218,123,220,118,222
375,55,141,57,137,56,132,55,127,54,123,52,118,49,114,46,111,43,107,40,103,38,99,42,97,46,95,51,93,56,93,60,92,65,90,70,90,74,90,79,91,83,93,87,96,92,98,96,100,101,102,104,105,108,107,112,110,115,114,116,118,117,123,118,128,117,132,115,137,113,141,110,145,106,148,102,150,97,151,94,154,31,75,28,79,25,83,21,86,20,91,21,95,25,98,30,98,34,96,37,92,41,88,44,84,47,81,50,77,49,72,75,168,69,166,63,163,56,161,50,158,44,156,38,155,31,153,27,148,26,142,26,135,29,129,33,124,35,118,30,115,25,113,28,107,34,105,40,107,44,112,46,119,47,125,45,131,42,137,45,141,53,67,60,68,66,71,73,73,79,75,86,76,93,75,99,76,105,77,112,76,118,79,121,85,123,92,124,98,121,104,116,102,112,96,109,91,103,87,97,84,91,81,84,81,78,80,71,78,64,78,60,83,55,87,49,91,44,95,38,91,117,64,118,71,121,78,122,86,124,93,125,100,126,107,127,115,128,122,128,130,128,137,129,144,130,152,130,158,130,158,124,157,119,161,119,167,123,172,126,178,127,184,128,190,129,196,132,202,135,208,139,213,145,212,149,207,97,156,101,153,105,151,110,149,113,146,116,142,121,140,125,142,123,146,118,146,115,150,113,155,113,160,111,164,108,169,105,172,104,177,108,178,113,179,116,183,115,188,113,192,114,197,117,201,119,205,121,210,123,214,127,218,124,221,119,223
376,55,140,57,136,55,132,55,127,54,123,51,119,48,115,44,112,42,108,39,104,38,100,42,97,46,95,51,93,55,92,60,90,64,88,69,88,74,88,78,89,82,92,87,93,90,96,95,99,99,101,102,105,106,107,109,110,112,114,114,119,115,123,116,128,116,133,114,137,112,141,109,145,106,148,101,149,96,150,94,153,31,75,28,79,25,83,22,86,21,91,22,95,26,98,31,98,34,95,37,92,40,88,43,84,46,81,49,77,49,72,75,169,69,167,63,165,58,162,52,159,46,157,40,155,33,154,28,150,26,144,26,138,28,132,31,126,35,121,31,116,27,113,30,108,36,105,41,108,44,114,47,119,47,126,45,132,42,137,45,141,53,67,60,68,66,71,72,73,79,74,86,75,93,75,99,76,106,77,112,76,118,80,122,85,123,92,124,98,121,104,116,101,112,95,108,90,102,87,97,83,90,81,84,81,77,79,70,78,64,79,60,84,55,88,49,92,43,94,37,91,118,65,118,72,120,80,122,87,124,94,125,101,126,109,127,116,128,123,128,131,128,138,129,145,130,153,130,158,130,158,124,156,119,159,118,166,121,171,126,176,127,182,127,188,129,195,130,201,134,207,138,212,144,213,148,208,97,155,101,152,104,149,109,147,112,144,116,140,120,138,121,141,118,144,115,148,113,153,112,157,110,162,107,166,104,170,103,174,107,177,112,177,115,181,115,185,113,190,113,194,116,198,118,202,120,207,122,211,124,215,127,219,122,221,118,223
377,57,140,58,136,57,131,55,127,54,122,52,118,50,114,47,111,45,107,45,102,48,99,51,96,55,93,58,90,62,87,66,85,70,83,75,83,80,83,84,84,88,86,92,89,96,92,99,95,102,98,105,102,108,106,110,110,112,114,112,119,113,123,115,128,114,132,113,136,110,140,108,144,104,147,100,148,95,149,94,153,31,75,29,79,26,82,23,86,21,90,23,95,26,97,31,97,34,94,37,91,41,88,43,84,46,81,48,77,49,72,75,169,69,167,63,164,58,162,52,159,46,157,40,156,34,155,29,151,27,145,28,139,30,133,33,128,35,122,32,117,29,113,33,108,38,106,43,110,45,116,48,121,48,127,45,132,43,138,47,141,52,66,58,68,65,70,71,72,78,74,85,75,92,75,98,76,105,77,112,77,117,82,120,87,124,93,123,100,119,105,115,99,111,94,106,89,100,86,95,82,88,81,81,80,75,79,68,79,61,80,58,85,53,90,48,94,42,97,37,92,118,64,117,71,119,79,122,86,124,93,124,100,124,108,126,115,127,122,127,130,128,137,129,144,130,152,129,157,129,157,123,155,117,157,116,164,120,169,125,173,126,179,127,186,129,193,131,199,133,206,137,211,143,213,148,208,97,153,100,149,105,147,108,144,111,140,114,136,116,132,119,135,118,140,115,144,113,148,111,153,109,158,107,162,105,166,103,171,105,175,109,178,114,180,114,185,113,189,114,194,116,198,117,203,121,207,121,212,124,216,127,219,123,222,118,224
378,61,143,61,139,60,134,58,130,56,126,55,122,56,117,55,113,56,109,58,105,59,101,62,99,66,97,70,94,74,92,78,90,82,88,86,88,91,89,95,89,99,91,102,94,106,97,109,100,111,104,113,108,115,112,117,116,118,120,119,125,120,129,120,134,119,138,115,141,113,144,110,148,106,150,102,152,98,154,98,158,32,75,30,79,27,83,24,87,22,90,23,94,27,97,32,97,35,95,38,91,40,87,43,83,47,81,48,77,49,72,76,172,70,171,64,168,59,164,53,161,47,160,41,159,35,157,30,153,29,146,31,140,35,135,38,130,40,124,37,119,32,117,34,112,40,109,45,113,47,118,50,123,51,129,50,135,46,140,50,145,51,66,57,68,64,70,70,72,77,74,83,75,90,75,97,75,103,78,109,77,115,79,119,85,122,91,123,98,119,103,115,99,110,94,106,89,100,87,94,83,88,81,82,80,75,79,68,79,62,79,58,85,54,90,48,93,42,96,37,91,117,64,117,71,118,78,121,85,123,92,124,100,124,107,125,114,126,122,127,129,127,136,128,144,129,151,130,158,130,158,124,156,118,160,117,166,121,171,126,175,127,182,127,189,129,195,131,202,134,208,138,213,144,213,149,208,99,157,102,154,107,152,110,149,113,145,117,142,119,139,122,141,120,145,116,148,115,153,113,157,110,161,108,165,105,169,104,173,106,178,111,179,115,181,115,185,113,190,114,194,116,199,117,203,119,208,122,212,125,215,126,219,122,221,117,222
379,59,143,59,138,58,134,57,130,55,126,54,121,52,117,48,114,46,110,45,105,47,101,51,99,56,99,61,99,65,97,69,96,74,95,79,95,84,95,88,96,93,97,97,98,101,100,105,103,109,106,112,110,115,113,117,117,119,122,121,126,121,131,122,135,120,139,116,143,113,146,109,149,106,152,101,152,96,152,96,156,31,74,29,78,27,82,24,86,22,90,24,94,27,97,31,97,35,95,37,91,40,87,43,84,47,81,48,77,49,72,76,172,70,170,64,167,59,164,53,161,47,159,41,158,35,156,30,153,28,147,30,140,33,135,37,130,38,124,35,118,30,116,32,111,38,108,43,111,46,116,49,122,49,128,50,134,45,139,48,144,52,66,59,68,65,72,73,73,80,74,87,76,95,75,101,79,108,79,114,79,119,85,122,92,124,99,125,106,123,113,118,108,115,101,111,95,106,89,99,87,93,83,86,82,79,81,71,79,64,78,59,83,55,89,49,93,42,96,37,91,116,64,117,71,118,78,121,85,123,92,124,99,124,107,125,114,126,121,127,128,127,136,128,143,130,150,129,157,129,157,123,156,118,160,118,167,122,172,126,176,127,183,128,189,129,195,131,201,134,207,138,212,144,213,149,208,99,156,104,154,109,154,113,152,115,148,117,144,121,141,126,140,126,145,122,147,118,151,117,156,115,160,112,164,109,168,107,172,109,177,114,178,117,181,117,186,113,189,113,193,116,197,118,202,120,206,122,211,123,215,127,218,123,221,118,222
380,56,141,57,136,56,132,55,127,54,122,53,118,50,114,46,111,43,107,41,103,39,98,41,95,46,94,51,94,56,95,61,95,65,95,70,94,75,94,80,95,84,96,89,98,93,100,97,102,101,105,105,108,110,110,113,113,115,117,117,122,118,126,118,131,116,135,114,140,112,144,109,147,104,150,100,150,95,150,94,154,31,75,29,79,27,83,24,86,23,91,24,95,27,98,31,98,35,95,38,92,41,88,43,84,47,81,49,78,49,73,76,170,70,168,64,166,58,162,52,159,46,158,40,157,34,155,29,151,26,145,26,138,29,132,33,127,35,121,33,115,29,112,32,107,38,105,42,109,45,114,47,120,47,126,46,132,43,138,46,142,53,67,60,67,66,70,72,73,79,74,85,76,92,76,99,76,105,77,112,76,118,80,121,86,123,92,124,99,122,105,117,103,113,97,108,92,104,87,97,85,92,81,85,81,78,80,72,78,65,78,60,83,55,87,49,91,43,93,37,91,118,64,117,71,119,78,121,85,124,92,124,100,124,107,126,114,126,122,127,129,127,136,128,144,130,151,129,157,129,157,123,155,118,159,118,166,122,171,126,175,127,182,127,189,129,195,131,202,134,207,138,213,144,213,148,208,97,155,101,152,105,150,109,148,113,144,116,140,120,137,121,140,118,144,116,148,114,153,112,158,110,162,108,167,103,169,104,174,107,177,112,179,116,181,116,186,113,189,113,194,116,198,117,203,121,206,122,211,124,215,127,219,123,222,118,223
381,59,143,60,139,59,134,57,130,56,126,54,122,53,117,50,113,48,110,46,106,46,101,50,98,54,98,59,99,63,99,68,99,72,98,77,98,81,98,86,98,91,99,95,100,99,102,103,104,107,107,111,110,114,113,117,117,119,120,120,125,120,129,121,134,119,138,116,141,113,145,110,148,106,151,102,152,97,153,97,157,32,74,29,78,27,82,25,86,22,90,23,94,26,97,31,97,35,95,38,91,40,87,43,83,47,81,48,77,49,72,76,172,70,170,65,167,59,164,53,161,47,160,41,159,35,157,31,152,30,147,30,140,33,135,37,130,39,124,36,119,31,117,34,111,39,109,45,112,47,117,50,122,50,128,49,134,46,140,49,144,52,66,59,68,66,71,73,73,80,74,87,76,94,75,100,78,107,78,113,79,119,84,121,91,123,98,123,105,122,112,117,108,114,102,111,95,106,90,99,88,94,83,87,82,80,81,73,79,65,79,60,83,55,88,49,92,43,95,37,91,118,65,117,72,118,79,121,86,123,93,124,100,124,107,125,115,126,122,127,129,127,136,129,144,130,151,129,156,129,156,123,155,118,159,119,166,122,171,126,176,127,182,128,189,129,195,131,202,134,207,138,213,144,213,148,208,99,157,103,154,108,154,112,152,115,148,118,144,122,141,126,142,124,146,119,148,117,153,116,158,113,162,110,165,106,169,105,174,109,176,114,177,117,180,116,185,113,189,112,193,116,197,117,202,120,206,122,210,125,215,126,218,122,220,117,222
382,60,144,60,139,59,135,57,131,56,127,54,123,54,118,51,115,51,111,52,107,54,103,59,102,63,103,68,102,72,101,76,100,81,98,85,98,90,98,94,97,99,98,103,100,106,103,109,106,113,109,116,113,118,117,120,121,122,125,123,129,124,134,124,138,121,141,117,144,114,147,110,150,106,152,102,153,98,155,98,159,32,74,30,78,27,82,25,86,22,90,24,94,26,98,31,98,34,95,37,91,40,88,43,84,47,81,48,77,49,72,76,172,70,170,65,167,59,164,53,161,47,160,41,159,35,156,31,151,30,145,31,139,35,134,38,129,39,122,35,119,31,116,34,111,40,108,44,111,47,117,50,122,50,128,51,134,47,139,49,144,51,66,58,68,64,71,71,73,78,74,85,76,93,75,99,77,106,79,113,79,118,84,121,91,123,98,124,105,121,111,116,106,113,100,109,94,104,89,97,86,92,82,84,81,77,80,70,79,63,79,59,85,54,89,48,93,42,96,37,91,118,65,117,72,118,79,121,86,123,93,124,100,125,108,125,115,127,122,127,129,127,137,129,144,130,151,130,158,130,158,124,156,118,159,118,165,122,171,126,176,127,182,128,189,129,195,131,202,134,207,138,213,144,212,149,207,100,158,105,156,109,157,113,155,115,150,118,146,122,143,127,142,127,146,122,149,119,153,118,157,115,162,112,165,109,169,106,173,108,177,113,179,117,182,118,186,115,190,112,193,115,197,117,201,119,206,122,210,124,214,127,218,123,220,118,222
383,59,144,59,139,58,135,57,131,56,126,54,122,52,118,49,115,48,110,48,106,52,103,56,102,61,102,65,102,70,101,74,100,79,99,83,98,88,98,92,97,97,98,101,100,104,103,108,106,112,109,115,112,118,116,120,120,123,124,123,128,123,133,124,137,121,141,118,143,115,147,111,150,107,151,103,153,98,155,97,158,31,74,29,78,27,82,25,86,22,90,24,94,26,98,31,98,35,95,37,91,40,87,43,84,47,81,48,77,49,72,76,172,70,169,64,166,58,163,52,161,46,159,40,157,34,155,29,150,29,144,31,137,35,132,38,127,38,120,33,118,30,115,33,110,39,108,45,111,46,117,49,121,50,128,50,134,46,139,49,144,51,66,58,68,65,71,71,73,79,75,86,76,93,75,99,78,106,80,113,80,117,86,120,92,123,99,124,106,121,113,117,108,114,101,110,95,105,90,98,88,93,83,86,82,79,80,72,79,64,79,60,84,55,89,49,93,43,96,37,92,117,65,118,72,119,80,121,87,124,94,125,101,125,108,126,116,127,123,128,130,127,138,129,145,130,152,129,157,129,157,123,155,118,160,118,166,122,171,126,176,127,182,127,189,129,195,130,202,134,207,138,212,144,214,148,209,100,157,104,155,109,157,112,154,114,150,118,146,122,143,127,142,125,147,121,150,118,153,117,159,115,163,110,165,107,169,105,174,109,176,115,176,118,179,117,184,113,187,111,191,115,196,117,200,119,205,122,209,124,214,126,217,122,219,117,221
384,55,142,57,138,57,133,55,129,54,125,53,120,51,116,48,113,45,109,45,104,44,100,48,99,53,98,58,98,62,98,67,98,71,97,76,97,81,97,85,97,90,98,94,99,99,100,103,102,106,106,110,108,113,111,116,115,119,119,120,123,121,128,120,132,119,137,116,140,114,144,110,147,106,149,102,151,98,153,96,156,31,75,28,79,25,82,23,87,22,91,23,96,27,98,31,99,35,96,37,92,41,89,43,84,46,82,49,78,49,73,75,170,69,168,63,165,57,162,51,159,44,158,38,157,32,153,28,148,27,142,27,135,30,130,35,125,36,118,31,115,28,111,32,106,38,104,42,108,45,114,47,119,47,126,46,132,43,138,46,142,52,67,59,68,65,71,72,74,79,75,86,76,94,75,100,79,106,81,112,84,117,90,120,97,123,103,123,111,120,114,115,109,112,102,108,96,103,91,97,87,92,83,84,82,77,80,70,79,63,79,59,84,54,90,48,94,42,96,37,91,117,65,118,72,120,79,121,87,123,94,125,101,126,108,126,116,127,123,128,130,128,138,129,145,130,153,130,160,130,160,124,157,119,160,116,166,119,172,125,175,127,181,128,188,129,194,130,201,133,207,137,212,143,212,148,208,99,158,104,157,109,156,112,153,115,148,118,145,123,143,127,144,125,148,120,150,117,154,117,159,114,163,110,166,107,170,105,174,109,176,114,177,118,180,116,185,113,189,112,193,115,197,118,202,120,206,123,210,126,214,127,218,123,221,118,222
385,55,141,56,137,56,132,54,128,53,124,52,119,51,115,48,111,45,108,44,103,43,99,47,98,52,96,56,96,61,96,65,94,69,93,74,93,78,93,83,93,87,94,92,95,96,97,100,99,103,102,106,106,109,109,112,113,115,116,116,121,117,125,117,130,116,134,115,139,111,142,109,146,106,149,102,151,98,153,95,156,31,75,28,79,26,83,24,87,23,91,23,96,27,99,31,99,34,96,38,92,40,89,43,85,46,81,49,78,49,73,75,169,69,167,63,164,57,161,51,158,45,157,38,155,32,152,28,147,25,141,26,135,29,129,33,124,35,118,31,113,27,110,31,105,37,103,41,107,44,112,46,118,46,125,45,131,42,137,45,141,51,66,58,68,64,70,71,73,77,75,84,76,91,75,98,77,103,81,110,82,114,88,117,94,120,100,121,107,118,111,114,106,110,100,106,94,101,90,95,86,90,82,83,81,76,81,69,80,63,79,58,85,54,90,48,94,42,96,37,91,117,66,118,73,119,80,121,88,123,95,124,102,125,109,126,116,127,124,128,131,128,138,129,146,130,153,131,161,131,161,125,160,121,165,122,171,125,176,127,182,128,188,130,193,130,199,132,205,135,210,140,214,145,212,149,207,99,160,102,156,106,153,110,152,113,147,116,144,121,143,125,145,122,148,118,148,115,153,114,157,114,162,112,167,109,171,106,174,105,179,109,180,114,182,117,185,116,190,114,195,114,199,118,202,121,206,123,211,126,215,128,219,124,221,119,223
386,55,141,57,137,56,133,55,128,54,124,52,120,51,116,48,112,45,109,45,104,46,100,50,98,54,97,59,96,63,95,67,92,71,91,76,90,80,90,84,91,89,92,93,94,97,96,101,99,103,102,107,106,110,109,112,113,114,117,116,121,116,125,116,130,115,134,114,139,111,142,108,146,105,148,101,151,97,154,96,157,31,75,28,79,26,83,23,87,22,91,23,96,26,99,31,98,35,96,37,92,40,88,43,84,46,81,49,77,49,72,75,169,69,167,63,164,58,161,52,158,45,157,39,156,33,153,29,149,26,143,26,136,28,130,32,125,34,119,32,114,28,110,32,105,38,104,43,108,44,114,47,119,47,125,45,131,42,137,45,141,52,67,59,69,65,71,72,73,78,75,85,75,92,75,98,78,105,80,111,83,114,89,117,95,120,101,121,108,117,111,113,106,109,100,105,94,100,90,95,85,89,82,83,81,76,81,69,79,62,80,58,85,54,90,48,94,41,96,37,91,117,66,118,73,118,81,120,88,122,95,124,102,125,109,126,116,127,124,128,131,128,138,129,145,130,153,130,159,130,159,124,158,121,163,121,170,125,174,126,180,127,186,128,192,129,198,131,204,135,209,139,214,144,213,148,208,100,161,103,157,107,155,111,153,113,148,116,145,121,144,126,146,123,148,118,149,115,152,114,157,114,162,112,166,109,170,107,174,104,178,105,182,110,182,114,184,117,188,117,193,114,197,116,201,118,206,121,209,124,213,127,217,124,221,119,222
387,56,142,57,138,57,133,55,129,55,125,52,121,51,117,49,113,46,109,46,105,48,101,52,98,56,97,60,96,64,94,68,92,73,90,77,89,81,89,86,90,90,92,94,94,97,96,101,99,104,102,107,106,109,110,112,113,114,117,115,122,116,126,116,130,115,135,114,139,111,142,109,146,105,148,102,152,99,155,96,158,31,75,28,79,27,83,24,87,22,91,23,96,26,99,31,98,34,96,37,92,40,88,43,84,46,82,49,78,49,73,76,170,70,168,64,165,58,162,52,159,46,157,39,156,33,154,28,149,26,143,26,136,29,130,33,126,35,119,32,115,28,111,32,106,37,103,42,107,45,113,46,119,48,125,46,131,43,137,46,142,51,67,58,68,64,70,71,73,78,75,84,76,91,76,98,78,104,80,110,83,113,90,116,96,120,102,121,109,118,112,114,107,110,101,106,95,101,91,96,86,90,82,83,81,77,81,70,80,63,80,58,85,53,90,47,94,41,97,37,91,118,66,118,73,119,81,121,88,123,95,124,102,125,110,126,117,127,124,128,132,128,139,129,146,130,154,131,161,131,161,125,161,122,166,122,172,126,177,127,182,128,188,129,194,130,200,132,206,136,211,140,214,145,212,149,207,101,161,103,157,107,155,111,154,113,149,116,145,121,144,125,145,125,148,120,148,116,150,114,155,113,160,112,165,109,168,107,173,105,177,104,182,108,183,113,184,117,186,118,191,116,195,114,199,117,203,119,208,122,211,125,215,123,220,119,222
388,56,142,58,138,57,134,56,129,55,125,52,121,51,117,49,112,46,109,48,105,51,102,54,99,58,97,62,95,66,93,71,92,75,90,79,89,84,88,88,88,92,90,96,93,100,95,103,98,106,101,109,105,111,109,113,113,115,118,116,122,116,126,116,131,116,136,114,139,111,142,109,146,105,148,101,151,98,154,96,157,31,75,28,79,27,83,24,87,22,91,23,95,27,98,31,98,35,96,38,92,40,88,43,84,47,81,49,78,49,73,76,169,70,168,63,165,58,162,52,159,45,157,39,156,33,153,28,149,26,143,27,136,30,131,34,125,36,119,32,115,27,112,31,107,37,105,42,108,45,114,47,119,47,126,46,132,43,138,46,142,52,66,58,68,65,71,71,73,78,75,85,75,92,75,98,77,104,80,110,82,114,88,117,94,120,100,121,107,117,110,113,105,110,99,105,94,100,89,95,85,89,81,82,81,76,81,69,79,62,81,58,86,53,91,47,94,41,97,37,91,117,66,118,73,119,80,121,88,123,95,124,102,125,109,126,116,127,124,128,131,128,138,129,145,130,153,131,164,131,164,126,162,121,165,120,171,122,176,126,181,127,186,128,192,130,198,131,204,134,209,138,213,144,211,148,207,100,162,102,158,106,156,110,154,112,150,115,146,119,145,122,147,118,149,114,152,113,157,114,161,112,166,109,169,107,173,106,178,104,182,107,184,112,184,116,185,117,190,116,194,115,199,117,203,119,207,121,211,124,215,127,218,123,221,119,223
389,56,140,57,136,56,131,55,127,53,123,53,119,53,114,53,110,54,106,57,103,60,100,64,97,67,94,71,91,74,88,77,86,82,85,86,84,90,83,95,84,99,85,103,88,106,91,109,94,111,98,113,102,115,106,116,110,116,115,116,119,116,123,116,128,116,132,114,136,112,140,109,143,105,145,102,148,99,152,97,156,32,75,29,78,26,82,23,86,21,91,21,95,25,98,30,98,35,96,37,92,40,88,42,85,46,82,49,78,49,73,76,168,70,167,63,164,57,162,51,159,45,157,39,155,32,153,28,148,27,141,28,135,32,129,35,124,36,117,30,115,26,112,30,107,36,105,42,107,45,113,47,119,48,125,47,131,44,137,47,142,52,66,58,68,65,70,71,73,78,75,85,75,92,75,98,75,104,79,110,77,115,81,119,87,121,93,123,100,119,105,114,102,112,95,107,91,102,86,96,84,89,81,83,81,76,80,69,79,62,80,58,85,54,90,48,94,42,97,38,92,119,66,117,73,118,80,121,87,123,94,124,102,125,109,126,117,127,124,127,131,128,139,129,146,130,154,131,162,131,162,125,161,121,165,120,170,123,176,126,180,127,186,129,192,130,198,131,204,134,209,138,213,144,211,148,207,99,160,102,156,105,154,110,152,112,148,115,144,119,144,123,145,120,148,115,149,113,153,113,157,113,162,110,166,108,170,105,174,105,179,108,181,112,183,116,185,117,189,115,194,115,198,117,203,120,207,122,211,125,214,127,218,123,221,119,223
390,58,142,59,138,58,133,57,129,56,125,55,121,56,117,59,114,61,109,62,105,66,103,68,100,71,97,75,94,78,91,82,90,87,89,91,87,95,87,99,87,103,90,107,92,111,94,113,97,115,101,117,105,119,109,120,113,120,118,119,122,119,127,118,131,116,135,114,138,111,142,109,146,106,149,103,152,99,154,98,158,32,75,28,78,25,82,22,86,20,90,21,95,25,98,30,98,34,95,37,92,39,87,43,84,47,81,48,77,49,72,75,170,69,168,63,165,56,162,50,160,44,158,38,156,32,153,28,147,28,141,30,135,35,129,37,123,36,117,29,117,26,113,28,107,35,106,41,108,44,113,48,119,49,126,48,132,45,138,47,143,51,66,57,68,64,70,70,72,77,74,83,76,90,76,97,75,103,78,109,76,115,78,120,82,122,89,123,95,120,101,115,98,112,92,107,88,100,86,94,83,88,81,81,81,74,80,68,78,61,80,59,86,54,90,48,94,42,97,37,92,119,66,118,73,120,80,122,87,124,95,124,102,125,109,126,117,127,124,128,132,128,139,129,146,130,154,131,163,131,163,125,161,121,165,120,171,123,176,127,181,127,187,129,193,130,199,131,205,135,210,139,214,145,212,149,207,100,160,103,157,107,154,110,151,112,147,116,144,120,143,123,145,118,147,115,150,114,155,114,159,112,164,110,168,108,172,106,176,104,180,107,182,112,183,115,186,116,190,115,195,115,199,118,203,119,207,122,211,125,215,127,218,123,221,119,223
391,58,143,60,139,59,135,57,131,56,127,55,123,55,118,54,114,54,110,56,106,59,103,63,101,67,100,71,98,75,97,80,96,84,94,88,94,92,94,97,93,100,95,104,97,108,99,111,102,113,106,116,109,118,113,120,117,121,121,120,126,120,130,120,134,118,138,115,142,112,145,109,148,106,150,103,153,99,156,98,160,32,75,28,78,25,82,22,86,20,90,21,95,24,99,29,99,33,97,36,93,39,89,42,85,46,82,49,78,49,73,75,170,68,169,63,165,57,162,50,159,43,157,37,156,31,152,28,146,29,139,31,133,37,128,38,122,36,116,29,117,25,114,27,108,33,106,40,107,45,112,47,118,50,124,49,131,47,138,48,143,51,66,58,68,65,71,71,73,79,74,86,76,93,75,100,77,107,78,113,76,119,81,122,88,124,95,125,102,123,109,117,106,116,99,111,93,107,88,100,87,93,83,86,82,79,80,72,79,65,79,59,84,56,90,49,93,43,96,38,91,118,65,118,72,119,80,122,87,124,94,125,101,125,108,126,116,127,123,128,131,128,138,129,145,130,153,131,162,131,162,125,160,120,164,119,170,122,175,126,180,128,186,129,192,130,198,131,205,134,210,139,214,144,211,149,207,100,161,104,158,109,157,112,154,113,150,117,147,121,144,125,146,122,149,117,151,116,156,116,161,114,165,111,169,108,172,106,177,106,182,109,183,114,183,117,186,117,191,114,195,116,199,118,203,119,208,122,212,125,216,127,220,123,222,118,223
392,59,143,60,138,59,134,57,130,56,125,54,121,53,117,50,113,47,109,45,105,43,101,45,96,49,95,54,95,58,95,62,93,66,91,71,91,76,91,81,91,85,93,89,95,93,98,97,100,101,103,104,106,108,109,111,112,114,116,115,121,116,125,117,130,118,135,116,139,113,143,110,146,106,149,102,151,98,153,97,157,32,75,29,79,26,83,23,86,21,90,23,95,25,98,30,98,34,95,37,91,40,88,43,84,46,81,49,78,49,73,76,170,70,169,64,166,58,163,52,160,46,159,39,157,33,154,29,150,29,144,30,137,34,132,37,127,39,120,34,117,29,116,31,110,37,107,42,110,46,115,48,120,50,126,49,133,45,138,48,143,53,67,60,68,66,70,72,73,79,75,85,76,92,75,98,76,104,78,111,77,117,80,121,86,123,92,123,99,121,105,116,102,112,97,108,91,103,87,97,84,91,81,85,81,78,80,71,79,65,79,59,83,55,88,50,92,44,95,38,91,119,65,118,72,120,80,123,87,125,94,125,101,125,109,126,116,128,124,128,131,128,139,130,146,130,154,131,161,131,161,125,159,120,162,118,168,120,173,125,178,127,184,128,190,129,196,130,202,133,208,138,213,144,212,148,207,99,160,102,157,107,155,110,152,112,148,116,145,118,141,121,143,119,147,116,151,115,155,114,160,112,164,109,168,107,172,106,177,105,182,110,182,114,182,116,186,115,191,113,195,116,199,118,203,120,208,122,212,124,216,127,220,123,222,118,223
393,60,142,61,138,59,134,57,129,56,125,54,121,53,117,52,112,50,108,50,103,51,99,55,97,59,95,62,92,66,89,70,87,74,86,79,85,83,86,88,87,92,88,96,91,98,94,102,97,105,100,107,104,110,108,112,112,113,117,114,121,115,126,116,130,117,134,115,138,113,142,110,146,106,148,102,150,98,153,97,157,32,75,30,79,28,83,24,86,22,90,23,94,26,97,31,97,35,95,38,91,40,88,43,84,47,81,49,78,49,73,77,171,71,169,65,166,60,163,54,161,47,160,41,159,35,156,30,152,30,146,31,140,35,135,38,130,40,124,37,119,32,117,34,111,39,109,45,112,47,117,50,123,51,129,49,135,45,140,49,144,52,66,59,68,65,70,72,72,78,74,85,75,92,75,98,77,105,78,112,78,116,84,120,89,123,96,123,103,119,108,115,103,112,97,108,92,102,88,96,84,90,82,83,81,76,79,69,79,63,80,58,85,53,90,48,93,42,97,37,92,119,65,116,72,117,79,120,86,123,93,123,100,124,108,125,115,125,122,126,130,127,137,129,144,129,152,130,158,130,158,124,156,119,160,118,166,120,172,125,176,127,182,128,189,129,195,130,202,134,207,137,213,143,213,148,209,98,157,102,154,107,152,110,149,113,145,116,142,119,138,122,140,121,145,117,148,116,153,114,157,112,162,110,166,107,170,106,175,106,179,111,179,115,182,116,186,114,191,114,195,116,199,118,203,121,207,122,212,124,216,127,220,123,222,118,224
394,61,143,61,139,60,134,58,130,56,126,55,122,56,118,56,113,57,109,59,106,61,102,64,99,68,97,71,94,75,92,79,90,83,89,88,89,92,89,96,89,100,92,104,94,107,97,110,100,112,104,115,108,117,112,118,116,119,120,119,124,120,129,120,133,119,137,116,140,112,143,110,147,107,150,103,152,99,154,98,158,32,75,30,79,27,83,25,87,22,91,24,95,27,98,31,97,35,95,38,91,41,88,43,84,47,81,48,77,49,72,76,171,70,169,64,166,59,163,53,161,47,160,40,159,35,156,31,152,30,145,32,139,36,134,39,129,40,123,36,119,32,117,34,111,39,109,45,112,47,117,50,122,51,128,50,134,47,140,50,144,51,66,57,68,64,70,70,73,77,75,84,76,91,76,97,76,103,79,109,77,115,79,119,85,122,91,123,98,120,103,115,101,112,95,107,90,101,88,96,83,89,82,82,81,76,80,69,79,62,79,58,84,54,90,48,93,42,97,38,92,118,65,117,72,118,80,120,86,123,93,124,100,124,108,125,115,126,122,127,129,127,137,129,144,129,151,129,158,129,158,123,157,118,161,117,167,120,172,125,176,127,182,128,188,129,195,131,201,133,207,137,212,143,212,148,208,99,157,103,154,108,154,111,151,113,146,117,143,121,140,124,142,121,145,117,149,116,154,115,159,112,163,109,166,106,171,106,175,108,179,113,179,116,182,117,187,114,190,113,194,116,198,118,203,120,207,122,212,125,216,127,220,123,222,118,223
395,59,143,60,139,58,134,57,130,56,126,53,122,52,118,49,114,47,110,47,105,48,101,52,99,57,99,61,98,65,96,70,95,74,93,79,93,83,93,88,94,92,95,96,97,100,100,104,103,107,106,111,109,114,112,117,116,119,120,120,124,120,129,121,134,120,138,117,141,113,144,110,148,107,150,102,151,98,153,96,157,32,75,30,79,27,83,24,86,22,90,23,95,27,98,31,98,35,95,38,92,41,88,44,85,47,82,49,78,49,73,76,171,70,169,64,166,58,164,52,161,46,159,39,157,33,155,28,151,27,145,29,138,32,133,37,128,38,122,36,117,30,117,32,111,37,108,43,111,46,116,48,121,49,128,49,134,45,139,48,144,52,67,59,68,65,71,72,73,79,74,86,76,94,75,100,77,107,79,113,80,118,85,121,92,123,99,124,106,121,111,116,106,114,100,110,94,105,89,98,86,93,82,85,82,78,80,71,79,64,79,59,84,55,89,49,93,43,96,38,91,117,64,118,71,119,78,121,86,123,93,124,100,125,107,126,114,127,122,127,129,127,136,129,144,130,151,129,157,129,157,123,156,118,160,118,166,122,171,126,176,127,182,127,188,129,195,131,201,134,207,137,212,143,212,148,208,99,157,103,155,107,155,112,154,115,149,117,145,121,142,126,141,125,146,121,148,118,152,116,157,115,162,111,165,108,169,106,173,109,177,114,178,117,182,117,187,113,189,112,193,115,196,117,201,119,205,122,209,124,214,127,218,123,220,118,222
396,55,140,57,136,55,132,55,127,54,122,52,118,49,115,45,112,42,108,40,104,39,99,43,97,48,95,52,93,56,92,61,91,65,89,70,89,75,89,79,91,83,93,88,95,92,97,95,100,99,103,103,105,107,107,110,111,112,115,114,120,115,124,115,129,115,133,113,138,110,141,108,146,104,148,100,149,95,149,93,153,31,75,28,79,25,83,22,86,21,91,22,95,26,98,31,98,35,96,37,92,41,88,43,84,47,81,49,77,49,72,75,169,69,166,63,164,57,161,52,159,45,156,39,155,33,154,28,149,26,143,26,137,28,131,32,126,35,120,31,115,27,112,30,107,36,105,41,108,44,113,47,119,47,126,45,132,42,137,45,141,53,67,60,68,66,70,72,73,79,75,86,76,92,75,99,76,105,77,112,76,117,80,121,86,123,92,123,99,119,104,115,100,111,95,107,90,101,87,96,83,90,81,83,81,76,79,70,78,63,78,59,84,54,88,49,92,43,94,37,91,117,65,118,72,120,79,123,86,124,94,125,101,125,108,126,116,127,123,128,131,128,138,129,145,130,153,130,158,130,158,124,157,120,162,121,168,124,173,126,179,127,185,128,191,130,197,132,203,135,209,139,213,145,213,148,208,97,154,100,150,104,147,109,146,113,144,116,139,120,139,123,142,118,144,115,147,113,152,112,157,110,161,107,165,104,169,103,174,107,176,112,176,115,179,115,184,112,188,113,193,115,197,117,202,120,206,122,210,124,215,127,219,123,221,118,223
397,56,141,57,137,56,132,56,127,54,123,53,119,51,115,48,111,46,107,44,103,43,99,47,97,52,95,56,95,61,95,65,94,70,93,74,93,79,93,84,94,88,96,92,98,96,100,100,102,104,104,108,106,112,109,114,113,116,117,118,122,118,126,118,131,117,135,115,139,112,143,109,146,105,149,101,150,96,151,95,155,31,75,28,79,25,82,22,86,20,91,22,95,26,98,30,98,35,96,38,92,40,88,43,84,47,81,49,77,49,72,75,169,69,168,63,165,57,162,51,159,44,156,38,155,31,153,27,149,26,142,27,136,30,130,35,125,37,119,31,116,26,114,29,108,35,106,41,108,44,114,47,120,48,126,46,132,43,138,46,142,52,67,59,68,65,71,72,72,79,74,86,76,92,75,99,76,106,78,113,77,118,82,121,88,123,94,123,101,120,107,116,102,112,96,108,90,102,87,97,83,90,81,83,81,77,80,70,79,63,79,59,85,54,89,48,93,42,95,37,91,117,64,118,71,120,78,122,86,124,93,125,100,125,108,126,115,127,123,128,130,128,138,129,145,130,153,130,158,130,158,124,157,119,161,119,168,123,173,126,178,128,184,128,191,129,197,131,203,135,208,138,214,144,213,148,208,99,157,102,153,107,152,110,149,113,145,117,142,122,142,123,145,118,146,115,149,114,154,113,159,110,163,107,167,105,171,103,176,107,178,112,178,116,180,118,185,114,188,113,192,115,197,116,201,119,205,122,210,125,214,127,217,123,220,118,222
398,56,141,57,136,56,132,55,127,54,123,53,118,50,114,48,110,45,106,42,102,41,98,45,96,50,95,55,95,60,95,64,95,69,93,73,93,78,94,83,95,87,96,92,98,96,100,101,100,104,103,108,106,112,108,115,112,117,116,119,121,120,125,119,130,119,135,117,139,114,143,110,146,106,149,102,150,97,151,95,155,31,75,28,79,25,83,21,86,20,91,21,95,25,98,30,99,34,97,37,93,40,89,43,85,47,81,50,77,49,73,75,168,69,166,62,163,56,160,50,158,43,156,37,154,31,152,26,147,26,140,27,133,31,128,36,123,37,117,32,113,25,114,27,108,33,105,39,106,43,111,46,117,48,123,47,130,44,136,45,141,52,67,59,68,65,71,72,73,78,75,85,76,92,75,99,76,105,79,112,78,117,83,120,89,123,95,124,102,121,108,116,104,113,98,108,93,103,89,97,85,91,81,85,81,78,80,71,79,64,79,59,84,54,89,49,93,42,95,37,91,118,65,118,72,120,80,122,87,124,94,125,101,125,109,126,116,127,123,128,131,128,138,129,145,130,153,130,158,130,158,124,158,120,162,121,169,125,174,127,179,128,186,128,192,130,198,132,204,135,210,139,214,145,212,149,207,98,158,102,155,106,153,110,151,113,147,116,143,120,141,124,142,122,145,117,148,115,152,115,156,114,161,112,165,109,169,107,173,106,178,110,180,115,182,117,186,116,190,113,194,115,198,118,202,120,206,122,210,124,214,127,218,123,221,119,223
399,55,140,56,135,55,131,55,126,54,122,52,117,50,113,47,110,45,106,43,101,43,97,47,95,51,95,56,94,60,94,65,94,70,94,74,93,79,94,83,95,88,96,92,97,97,98,101,100,105,101,109,105,112,108,115,111,117,115,119,120,119,124,118,129,117,133,115,138,113,141,109,145,106,148,102,149,97,150,94,153,31,75,28,79,25,83,21,87,19,91,22,95,25,99,30,99,35,97,37,93,41,89,43,84,47,81,50,77,49,72,75,168,69,165,62,163,56,161,50,158,43,156,37,154,31,152,26,147,25,140,26,133,30,127,34,123,36,116,30,114,25,112,28,106,34,104,40,106,43,111,46,118,47,124,46,131,42,136,45,141,53,67,60,68,66,71,73,73,79,74,86,76,93,75,99,76,106,77,113,76,118,80,122,85,123,92,124,99,121,105,116,101,112,95,109,90,103,86,97,84,91,81,84,81,77,80,71,78,64,79,60,84,54,88,49,92,43,94,37,91,118,65,118,72,120,80,122,87,124,94,125,101,125,109,126,116,128,123,128,131,128,138,129,145,130,153,130,159,130,159,124,157,120,161,118,167,121,173,126,177,127,183,127,190,129,196,130,202,134,208,137,213,143,213,147,208,98,157,101,154,105,151,109,150,113,146,115,143,119,140,123,142,120,145,116,148,114,152,114,157,112,161,110,165,107,169,106,174,105,178,110,179,114,182,115,186,114,191,113,195,116,199,118,203,120,207,122,211,125,215,127,219,122,221,118,223
400,55,139,55,134,55,130,54,125,53,121,52,116,50,112,48,108,45,104,44,100,47,97,52,95,56,94,61,94,65,93,70,93,74,91,78,90,83,91,87,91,92,90,96,91,101,92,104,95,108,98,111,101,113,105,116,109,117,113,118,118,119,122,118,127,118,131,116,136,114,139,110,142,106,145,102,146,98,149,95,152,31,75,28,79,25,83,22,87,20,91,22,96,26,99,31,99,34,96,37,93,40,89,43,85,46,81,50,77,49,73,75,168,69,165,63,163,56,160,50,158,44,156,37,154,31,151,27,146,25,140,26,134,29,128,34,123,36,117,31,113,26,112,29,107,34,104,40,106,43,112,46,118,47,124,46,131,42,136,45,141,52,66,58,68,65,70,71,73,78,75,84,76,91,76,97,76,104,78,110,78,116,81,120,86,123,92,123,99,120,104,115,101,112,95,107,90,101,87,96,84,89,81,83,81,76,80,69,79,63,80,58,85,54,90,48,93,42,96,37,91,119,65,117,72,118,79,122,86,123,93,124,100,125,108,126,115,127,122,127,130,128,137,129,144,129,152,129,157,129,157,123,156,118,161,118,167,122,172,126,176,127,183,128,189,129,196,130,202,134,207,138,212,144,214,147,208,98,156,101,153,105,151,110,148,112,145,116,141,119,138,122,139,120,143,117,147,115,151,113,156,111,160,109,164,106,168,105,172,106,176,111,178,114,181,115,186,113,190,115,194,116,199,118,203,121,207,122,212,125,215,126,219,122,221,118,223
401,59,143,60,139,59,134,57,130,55,126,54,121,53,117,52,112,50,108,53,105,57,104,61,102,65,100,70,100,74,99,78,97,82,95,87,93,91,92,96,92,100,92,104,94,107,98,111,100,114,104,116,108,118,112,119,117,121,121,121,125,121,130,123,134,122,138,118,141,115,145,112,147,107,149,103,151,99,153,98,157,32,75,29,79,27,83,24,87,22,91,23,95,26,98,31,98,35,95,37,91,40,87,43,84,47,81,48,77,49,72,76,172,70,170,64,167,58,164,52,162,46,159,40,158,34,156,29,152,28,145,30,139,33,134,37,129,38,122,35,118,30,116,33,111,39,108,44,112,46,117,50,122,50,128,49,134,46,139,49,144,51,66,58,68,64,71,71,73,78,75,85,76,92,75,99,76,105,78,112,77,118,81,121,87,123,94,124,101,122,107,116,104,114,98,109,92,105,88,98,86,92,82,85,81,78,80,71,79,64,79,59,84,54,89,48,93,42,96,38,91,117,65,117,72,119,80,121,87,123,94,124,101,125,108,126,116,127,123,128,130,127,138,129,145,130,152,129,158,129,158,123,156,118,161,118,167,122,172,126,177,127,183,128,190,129,196,131,202,134,208,138,213,144,213,148,208,100,159,104,156,108,155,111,152,112,148,116,145,120,142,123,143,120,147,116,149,116,154,114,159,111,163,108,166,106,171,105,175,106,180,111,180,116,181,118,185,115,189,112,193,115,196,116,201,118,206,120,210,123,214,126,217,123,221,118,222
402,59,144,60,139,59,135,57,131,56,127,54,122,52,118,50,114,47,110,48,106,50,102,54,101,59,101,63,101,68,101,72,99,77,98,81,98,86,97,91,98,95,98,100,99,103,101,107,104,111,107,114,110,117,114,119,118,122,122,123,126,123,131,124,136,122,139,118,143,115,146,112,149,107,151,103,152,98,153,97,156,32,75,29,78,28,83,25,86,23,90,24,94,27,97,32,97,35,95,37,91,40,88,43,84,46,81,48,77,49,73,76,172,70,169,64,167,58,164,52,162,46,160,40,158,34,156,30,151,30,145,31,139,35,134,38,128,39,122,35,118,31,117,33,111,39,108,44,112,46,117,49,122,50,129,49,135,46,140,49,145,51,66,58,68,65,71,72,73,79,74,86,76,93,75,100,77,107,79,114,79,119,84,121,91,124,98,125,105,122,112,117,108,114,101,110,95,106,89,99,88,93,83,86,82,79,80,72,79,65,79,59,84,54,89,48,93,42,96,37,91,116,65,117,72,119,79,121,87,123,93,124,101,125,108,126,115,127,123,128,130,128,137,129,145,130,152,129,157,129,157,123,157,119,161,119,168,123,172,126,178,127,184,128,191,129,197,131,203,135,208,139,213,144,213,148,208,100,158,104,156,108,156,113,156,115,151,118,147,122,144,127,144,126,148,122,150,117,153,116,158,115,163,112,167,107,169,106,174,108,178,113,178,118,179,117,184,116,189,112,191,113,196,116,200,118,204,121,208,123,213,126,217,122,220,117,222
403,57,142,57,137,56,132,56,128,54,123,53,119,51,114,48,111,45,107,42,103,40,98,41,94,46,94,51,94,56,94,60,95,65,96,70,95,75,95,79,97,84,98,89,99,93,100,98,101,102,103,106,106,110,109,114,112,116,116,117,121,118,126,119,130,118,135,115,139,113,143,109,147,106,150,101,150,96,150,94,154,32,75,29,79,26,82,24,86,23,91,24,95,27,98,31,98,35,95,37,91,40,88,43,84,47,81,49,78,49,73,76,170,70,169,64,166,58,163,53,160,46,158,40,157,34,155,29,151,27,145,27,138,30,133,34,128,37,122,36,116,30,115,31,108,37,106,42,109,45,114,47,120,48,126,47,132,44,138,47,142,52,66,59,68,65,71,72,73,79,74,86,76,93,75,100,76,106,78,113,76,118,81,122,87,124,93,124,100,122,107,117,104,113,98,109,92,104,87,98,86,92,82,85,81,78,80,71,78,64,78,60,83,55,88,49,91,43,94,37,91,117,64,117,71,120,78,122,85,124,93,125,100,125,107,126,115,127,122,128,130,128,137,129,144,130,152,129,157,129,157,123,155,119,160,118,166,122,171,126,176,127,182,127,189,128,195,131,201,134,207,137,212,143,214,147,209,98,156,101,152,106,151,111,149,114,145,116,141,120,138,124,140,121,143,118,147,115,151,114,156,112,161,109,165,106,169,105,173,107,177,112,177,116,180,116,185,114,189,113,193,116,197,117,202,120,206,122,211,124,215,127,219,123,221,118,223
404,59,144,59,140,60,135,58,131,56,127,54,123,53,118,51,114,48,110,46,106,46,101,50,98,54,98,59,98,63,99,68,100,73,99,77,98,82,99,86,98,91,99,95,99,99,101,103,103,107,106,111,109,114,112,117,116,119,120,120,124,121,129,122,133,120,138,117,141,115,145,111,147,107,150,103,152,98,153,97,156,32,75,29,79,27,83,25,86,23,91,24,95,27,98,32,97,35,95,38,91,41,87,43,84,47,81,48,76,49,72,76,172,70,171,64,168,59,164,53,161,47,159,41,159,35,157,30,152,28,146,30,140,33,134,37,130,39,124,38,118,32,117,33,111,39,108,44,111,46,117,49,121,50,128,49,134,46,139,49,144,52,67,59,68,65,71,72,73,79,74,86,76,93,75,100,77,106,79,113,80,118,84,121,91,123,98,123,105,122,111,116,107,113,100,109,94,105,89,98,87,93,82,86,82,79,80,72,79,65,79,59,83,55,89,49,92,43,95,37,91,117,64,117,71,118,78,120,85,122,92,123,99,124,106,125,113,126,121,127,128,127,135,128,142,129,149,129,155,129,155,123,155,118,159,119,166,123,171,126,177,127,183,128,190,129,196,131,203,135,208,139,213,145,213,149,208,99,156,103,153,108,153,112,151,114,146,118,143,122,140,126,142,123,145,119,148,117,152,115,157,113,161,109,164,106,168,105,173,109,176,114,176,118,179,117,183,114,187,112,192,115,196,117,200,119,205,122,209,123,213,126,217,122,220,117,222
405,59,144,60,140,59,135,57,131,56,127,54,123,52,119,51,115,50,111,53,107,55,103,59,101,63,102,68,101,72,100,76,98,80,98,85,97,89,97,94,96,98,97,102,99,105,102,108,105,112,108,115,111,118,115,120,119,122,123,122,127,122,132,123,136,121,140,117,142,114,145,111,149,107,151,103,153,99,155,97,158,32,75,29,78,28,83,25,86,23,90,24,95,27,98,31,98,35,95,37,91,40,87,43,84,47,81,48,77,49,72,76,172,70,170,64,167,59,163,53,160,47,159,40,159,34,156,30,152,29,146,30,140,33,134,38,129,39,123,37,118,31,117,33,111,38,108,44,111,46,116,49,121,50,127,49,134,46,139,49,144,51,66,58,68,65,71,72,73,79,74,86,76,93,75,100,78,107,78,114,80,118,86,121,92,124,99,125,106,122,112,117,108,115,101,110,96,106,90,99,88,94,83,86,82,79,80,72,79,65,79,60,84,55,89,49,93,43,96,37,92,118,65,117,72,118,80,121,87,123,93,125,101,125,108,126,115,127,123,127,130,127,137,129,145,130,152,129,158,129,158,123,157,119,162,119,168,123,172,126,178,127,184,127,190,129,196,131,202,134,208,138,213,144,214,148,209,100,158,105,156,110,156,113,153,116,149,120,145,124,143,127,145,124,149,119,151,118,156,116,160,114,164,110,168,107,172,107,176,111,178,116,179,119,182,117,187,114,190,112,193,115,196,117,201,119,205,121,210,124,214,127,218,123,220,118,222
406,59,143,60,139,59,134,57,130,56,125,53,122,53,117,50,114,51,110,52,105,56,102,60,101,65,102,69,101,74,100,78,98,83,97,87,97,91,96,96,96,100,97,104,100,107,103,110,106,114,110,117,113,120,117,122,121,124,125,124,129,125,134,124,138,121,142,117,144,114,147,111,151,107,152,102,153,98,155,98,159,32,75,30,79,27,83,25,87,23,91,24,95,27,98,32,98,35,95,38,91,40,87,43,84,47,81,48,77,49,72,76,172,70,171,64,168,59,164,54,161,47,159,41,159,35,157,30,153,28,147,31,141,33,135,37,130,39,124,38,118,32,118,34,112,38,108,43,111,46,117,50,122,50,128,49,134,46,140,49,144,52,67,59,69,66,71,72,74,79,75,86,76,93,75,100,78,106,80,113,80,118,86,120,93,123,99,124,106,121,112,116,107,113,101,109,95,104,90,98,87,92,82,85,82,78,80,71,79,64,79,59,84,55,89,48,93,42,96,37,92,118,65,117,72,118,80,120,87,123,93,124,101,125,108,126,115,127,123,128,130,128,137,129,145,130,152,130,158,130,158,124,157,119,161,118,167,121,172,126,177,127,183,128,190,129,196,131,202,134,208,138,213,144,213,148,208,101,159,106,158,110,159,113,156,115,151,118,147,122,145,127,143,127,147,123,150,119,154,119,159,116,163,113,167,109,170,106,174,108,178,113,180,117,181,117,186,115,190,112,193,115,197,117,202,119,206,122,211,124,215,127,219,122,221,117,222
407,58,143,59,139,58,134,57,130,55,126,54,121,52,117,49,113,46,110,45,105,47,102,51,100,56,100,61,100,65,100,70,99,74,98,79,98,84,98,88,98,93,98,97,100,101,103,105,105,109,108,113,111,116,114,118,118,120,122,122,127,123,131,122,136,120,140,117,143,114,147,111,150,106,152,102,153,98,154,97,158,32,75,29,79,27,82,25,87,22,90,23,95,26,98,31,98,34,95,37,92,40,88,43,84,46,82,48,77,49,73,76,171,70,169,64,166,58,163,52,161,46,159,39,158,33,155,29,150,28,144,30,138,34,132,38,127,38,120,33,117,29,115,32,109,38,107,43,110,46,115,48,121,49,127,49,134,45,139,48,144,52,67,59,68,66,71,72,74,79,75,86,76,93,75,100,78,106,81,113,83,117,88,120,94,122,101,123,108,120,113,116,107,112,101,108,95,104,90,97,87,92,83,85,82,77,80,70,79,63,79,59,84,54,90,48,94,42,96,37,91,117,65,118,72,119,80,122,87,123,94,125,101,126,108,127,116,128,123,128,131,128,138,129,145,130,153,131,161,131,161,125,159,119,162,117,169,120,174,126,178,128,184,129,190,130,197,131,204,134,210,139,214,145,212,150,207,100,159,104,157,109,158,112,155,113,150,117,146,121,144,126,143,125,147,121,150,118,153,118,158,115,163,112,166,108,169,105,173,108,176,113,178,117,180,117,185,114,189,113,193,115,197,117,202,120,206,123,210,126,214,127,218,123,220,118,222
408,55,142,57,138,57,133,55,129,54,125,53,120,51,116,48,112,46,108,44,104,43,99,47,98,52,97,57,97,61,97,66,96,70,95,75,95,80,95,84,95,88,97,93,98,97,99,101,101,105,105,108,108,112,111,114,114,116,119,118,123,119,128,118,132,117,137,115,141,112,144,109,148,105,151,101,153,97,154,96,158,31,75,28,78,26,83,24,87,23,91,24,95,26,99,31,99,35,96,38,92,41,89,43,84,46,82,49,78,49,73,75,170,69,168,63,165,57,162,51,159,45,157,38,156,32,153,27,149,26,143,27,136,29,130,33,125,36,119,33,114,28,112,31,106,37,104,41,108,44,113,46,119,48,125,46,131,43,137,46,142,52,67,59,68,65,71,72,74,79,75,86,76,93,75,99,79,105,81,111,84,116,90,119,96,121,103,122,110,119,113,114,108,111,102,107,95,102,91,96,87,91,82,84,81,77,81,70,79,63,79,59,85,54,90,48,94,42,96,37,91,117,66,118,73,119,80,120,88,122,95,124,102,125,109,126,116,127,124,128,131,128,138,129,145,130,153,131,162,131,162,126,160,121,164,120,170,123,175,126,180,127,186,128,192,130,198,131,204,134,210,139,214,144,212,148,207,99,159,103,156,106,154,111,152,114,148,117,145,121,143,125,144,122,147,118,149,115,152,114,157,114,162,112,166,109,170,107,174,106,179,110,180,115,182,117,186,117,191,114,194,115,198,118,202,120,206,123,210,124,215,127,218,124,221,119,223
409,56,142,57,138,57,133,55,129,54,124,53,120,51,116,48,113,46,109,44,105,43,100,47,98,52,97,56,97,61,95,65,93,69,93,74,92,78,92,83,93,87,94,92,95,96,97,100,99,103,103,106,106,109,109,112,113,114,117,115,122,116,126,116,131,115,135,114,139,111,143,108,147,105,149,101,152,97,154,96,158,31,75,28,78,26,83,24,87,23,91,24,95,27,99,31,99,34,96,38,92,40,88,43,85,46,82,49,78,49,73,76,170,70,168,64,165,58,162,52,159,46,157,40,156,33,154,29,149,26,143,27,137,29,131,33,126,36,120,34,114,28,113,30,107,36,104,41,107,44,112,47,118,47,125,46,131,43,137,46,142,52,67,59,69,65,71,72,73,79,75,85,76,92,76,99,78,105,81,111,83,114,90,117,96,120,102,121,109,118,112,114,106,110,100,106,95,101,90,95,86,90,82,83,81,76,81,69,79,62,80,59,85,53,90,48,94,41,96,37,91,118,66,118,73,119,81,122,88,123,95,124,102,126,110,126,117,127,124,128,132,128,139,129,146,130,154,131,162,131,162,126,161,122,166,121,171,125,176,126,182,127,187,129,193,130,199,131,205,135,210,139,213,145,211,149,207,99,160,102,157,105,154,109,153,112,148,115,144,119,143,124,143,124,146,119,147,115,150,113,154,114,159,112,164,109,167,108,172,106,176,106,180,111,182,115,185,117,189,117,194,114,197,116,201,119,205,122,209,125,213,127,218,124,221,119,222
410,56,142,58,138,57,134,55,130,55,125,53,121,51,117,48,113,46,109,45,105,46,101,50,99,54,97,59,97,63,95,67,93,71,92,76,91,80,91,85,91,89,92,93,94,97,97,100,100,103,103,107,107,109,110,112,114,114,118,115,122,115,127,116,131,115,136,113,140,110,143,108,147,104,149,101,152,97,153,96,157,31,75,28,78,27,83,24,86,23,91,24,95,26,99,31,98,35,96,38,92,40,88,43,85,47,82,49,78,49,73,76,170,70,169,64,166,58,163,52,160,45,158,39,157,33,154,28,149,26,143,26,137,29,131,34,126,36,120,34,114,28,113,30,108,36,105,42,108,44,114,47,119,47,126,46,132,43,138,46,142,52,67,59,69,65,71,72,73,79,75,85,76,92,76,99,78,105,81,111,84,115,90,117,96,120,103,121,109,117,112,113,107,110,100,106,95,101,90,96,86,90,82,83,81,76,81,69,80,63,81,58,86,53,91,47,94,41,97,37,91,118,66,118,73,119,81,121,88,123,95,124,102,125,110,126,117,127,124,128,132,128,139,129,146,130,154,131,162,131,162,125,161,122,166,121,172,124,177,127,182,127,188,129,194,130,200,132,206,135,211,140,214,145,212,149,207,99,160,102,156,106,154,110,151,112,147,115,144,120,143,124,144,121,146,117,147,114,151,113,156,113,160,112,165,109,169,108,174,105,178,104,182,109,183,113,184,116,188,117,193,115,197,117,201,119,206,122,209,123,214,126,218,124,222,119,223
411,56,142,58,138,57,134,56,129,55,125,53,121,51,117,49,113,46,109,46,105,48,101,52,98,56,98,61,96,64,94,69,92,73,91,77,90,82,89,86,89,91,91,95,93,98,95,102,98,105,102,107,105,110,109,112,113,114,117,115,122,116,126,116,131,116,135,115,139,112,143,109,146,105,148,102,151,98,154,96,158,31,75,28,79,27,83,24,87,23,91,23,96,27,99,31,98,35,96,38,92,40,88,43,85,47,82,49,78,49,73,76,170,70,168,64,165,58,162,51,159,45,157,38,156,32,153,27,149,26,142,27,136,30,130,35,125,36,119,32,114,27,113,31,107,36,105,41,108,45,113,47,119,47,125,47,132,43,137,46,142,52,67,59,68,65,71,71,74,78,75,85,75,92,75,98,77,104,80,111,82,113,89,116,95,119,101,121,108,118,111,114,106,110,100,106,94,101,90,96,85,90,82,83,81,76,81,69,80,63,81,58,86,53,91,47,94,41,97,37,91,118,66,118,73,119,81,121,88,123,95,124,102,125,110,126,117,127,124,128,132,128,139,129,146,130,154,131,162,131,162,125,161,121,166,121,172,124,176,127,182,127,188,129,193,130,199,131,205,135,210,139,214,144,212,148,207,100,161,102,157,106,155,111,153,112,148,115,144,119,143,124,144,123,147,119,147,114,150,113,155,114,160,113,164,110,168,108,173,105,177,104,182,109,183,113,184,117,188,118,192,116,197,115,201,118,205,121,209,124,213,126,217,124,221,119,223
412,57,141,58,137,57,132,56,128,54,124,53,120,52,115,51,111,50,107,53,103,57,102,60,99,64,96,68,93,71,90,75,88,79,86,83,85,88,84,92,85,96,86,100,88,104,91,107,94,109,98,111,102,113,106,114,110,116,115,116,119,116,124,116,128,116,133,114,137,112,140,108,144,105,146,101,149,98,152,96,156,32,75,29,78,27,83,24,86,22,91,23,95,26,98,31,98,35,96,37,92,40,88,43,85,47,82,49,78,49,73,76,169,70,167,64,164,58,161,52,159,45,157,39,155,32,153,28,148,27,142,28,135,32,130,35,124,37,118,32,115,27,113,31,107,36,105,42,107,45,113,47,119,49,124,47,131,44,137,46,142,52,66,58,68,65,71,71,73,78,75,84,75,91,75,98,76,103,79,110,78,115,83,118,89,121,95,123,101,119,106,114,102,112,96,107,92,101,87,96,84,89,82,82,81,76,80,69,79,62,80,58,85,54,91,48,94,42,97,38,92,119,66,117,73,118,80,121,87,123,94,124,102,125,109,126,117,127,124,128,132,128,139,130,146,130,154,131,162,131,162,125,161,121,165,120,171,123,176,127,181,127,187,128,193,130,199,131,205,135,210,139,214,144,212,148,207,98,160,101,157,105,154,109,152,112,148,115,144,120,143,124,145,120,146,116,148,113,152,113,157,113,162,111,166,108,171,106,175,105,180,105,184,110,183,115,184,116,189,115,194,115,198,117,202,119,207,122,210,124,215,127,219,123,222,119,224
413,58,142,59,138,59,133,57,129,56,125,54,121,55,117,57,113,58,109,60,105,64,102,68,100,70,97,74,94,77,91,81,89,85,88,89,87,94,87,98,86,102,89,105,91,109,94,112,97,115,101,117,104,118,109,119,113,119,117,118,122,118,126,117,131,116,135,114,139,110,142,108,145,105,148,102,151,98,154,98,158,32,75,28,78,25,82,22,86,20,91,21,95,25,99,30,99,34,96,36,92,39,88,43,84,47,81,49,77,49,72,75,170,69,168,63,165,57,162,51,159,44,157,38,156,32,152,28,147,28,140,30,134,34,128,37,122,36,116,29,116,26,113,29,107,35,105,41,108,44,113,48,119,49,125,48,131,45,137,47,143,51,66,58,68,64,71,70,73,77,75,84,76,91,76,98,75,103,79,109,75,115,78,120,83,122,89,124,96,120,101,115,100,113,94,108,90,102,86,96,83,89,81,82,81,75,80,69,78,62,79,58,85,55,91,49,94,42,97,38,92,119,65,118,72,120,80,123,86,125,94,125,101,126,109,127,116,128,124,128,131,129,139,130,146,130,154,131,163,131,163,125,161,121,165,120,171,123,176,126,181,127,187,129,193,130,199,131,205,135,210,139,214,145,212,149,207,100,160,102,156,107,155,110,152,111,147,115,145,120,143,121,146,117,148,114,151,113,156,113,161,111,165,108,169,105,173,104,177,103,182,108,183,112,183,117,185,116,190,115,194,115,199,117,203,120,208,122,212,125,215,127,219,123,222,118,223
414,58,143,59,139,59,135,57,131,56,127,54,122,55,118,54,114,54,110,55,106,57,102,61,100,65,99,69,98,73,96,77,96,81,94,86,93,90,93,94,93,98,94,102,96,105,99,109,102,112,105,115,108,117,112,119,116,120,120,119,124,119,129,120,133,118,137,115,140,113,144,110,147,107,150,103,152,100,155,98,159,32,75,29,79,26,82,22,86,20,90,21,95,24,99,29,99,33,97,36,92,39,89,42,85,46,82,49,78,49,73,75,171,69,169,63,166,57,163,50,160,44,158,37,156,31,152,28,147,29,140,31,134,36,129,38,123,37,117,30,117,26,113,29,107,35,106,41,108,45,113,47,120,50,125,49,132,46,138,48,144,51,66,58,68,64,71,71,74,78,75,85,76,92,75,99,77,105,78,112,77,118,81,121,87,123,94,124,101,122,108,117,105,115,98,111,92,106,88,99,86,93,82,86,81,79,80,72,79,65,79,60,84,56,90,50,93,43,96,38,92,119,65,117,72,118,79,121,86,123,93,124,101,125,108,126,116,127,123,128,131,128,138,129,145,130,153,132,163,132,163,126,161,121,163,119,169,121,175,125,179,128,185,129,191,130,197,131,204,133,209,138,213,144,211,149,207,100,161,104,158,108,156,111,153,113,148,116,145,120,142,123,145,120,148,116,152,116,156,115,161,114,165,111,169,108,173,106,177,105,182,108,183,113,183,116,186,117,191,114,195,115,199,118,203,120,207,122,212,125,215,127,219,124,222,119,224
415,59,143,60,139,59,134,57,130,56,125,54,121,53,117,50,113,47,109,45,105,44,100,46,96,50,95,55,95,60,95,64,93,68,91,73,91,78,90,82,90,86,93,91,95,94,97,98,101,102,103,105,107,109,109,112,113,114,117,115,121,116,126,117,131,118,135,116,140,114,143,110,146,106,149,102,152,98,154,97,158,32,75,29,79,26,83,23,86,21,90,22,95,26,98,30,98,35,95,37,91,40,87,43,84,47,81,49,77,49,72,76,170,70,169,64,166,58,163,52,160,46,159,39,157,33,154,29,150,29,144,30,137,34,132,37,127,39,120,34,117,29,116,31,110,37,107,42,110,46,115,49,121,50,127,49,133,45,139,48,143,52,66,58,68,65,70,71,73,78,75,84,76,91,75,98,76,104,78,111,78,117,81,121,86,123,93,123,100,121,106,116,103,112,97,108,91,103,88,97,84,91,81,84,81,78,80,71,79,64,79,59,84,55,89,49,93,43,95,38,91,118,65,117,72,119,79,122,86,123,93,124,101,125,108,126,116,127,123,127,130,128,138,129,145,130,153,131,163,131,163,126,160,120,162,118,168,119,174,125,178,127,183,128,190,129,196,130,202,133,208,137,213,143,211,148,207,99,161,102,158,107,156,110,154,111,149,114,146,118,143,122,142,121,147,118,149,116,154,116,159,114,163,111,167,109,171,108,176,106,180,108,183,113,183,115,187,116,191,114,195,115,200,119,203,120,208,122,212,124,216,127,220,122,222,118,224
416,60,142,61,138,59,134,57,129,56,125,54,121,54,116,52,112,50,108,52,104,53,100,56,97,60,96,64,92,67,89,71,87,75,86,80,85,85,85,89,86,93,88,97,91,100,94,104,97,106,101,108,105,111,108,112,113,114,117,115,122,115,126,116,131,117,135,114,139,112,143,109,146,105,148,101,151,97,153,97,157,32,75,30,79,27,83,24,86,22,90,23,95,27,97,31,98,35,95,37,91,40,88,43,84,47,81,49,78,49,73,76,171,70,169,64,166,58,163,52,161,46,159,40,158,34,155,29,151,29,145,31,139,35,134,38,128,40,122,36,118,30,118,33,112,37,109,43,111,47,116,49,122,50,128,49,134,46,140,49,144,52,66,59,68,65,71,71,73,78,74,85,75,92,75,98,76,104,78,111,78,116,83,119,89,122,95,123,102,119,107,114,103,111,97,107,92,101,87,96,84,89,82,82,81,76,79,69,79,62,80,58,85,53,90,48,94,42,97,37,92,119,66,116,73,117,80,120,87,123,93,124,101,125,108,126,116,126,123,127,130,128,138,129,145,130,153,130,160,130,160,124,158,119,162,117,168,120,174,126,177,127,183,128,190,129,197,131,203,134,209,139,214,145,212,149,207,99,158,103,155,107,154,111,151,112,147,115,143,119,140,123,140,122,144,118,147,116,151,116,156,114,160,112,165,109,169,108,173,106,178,108,181,113,182,115,186,115,191,114,195,116,200,119,204,121,208,122,212,124,216,127,220,122,222,118,224
417,60,143,61,139,60,135,58,130,56,126,55,122,55,117,55,113,56,109,58,105,60,101,64,99,68,98,72,95,75,93,79,91,84,90,88,89,92,89,97,89,101,92,104,95,107,98,110,101,113,105,115,109,117,113,118,117,119,121,119,126,121,130,121,134,119,138,116,141,113,144,110,148,106,150,103,152,99,155,98,159,32,75,30,79,27,83,24,87,22,91,24,95,27,98,32,98,36,95,38,91,41,88,44,84,48,81,48,77,49,72,76,172,70,171,64,168,59,164,54,161,47,159,41,159,35,157,30,153,28,147,31,141,34,135,38,131,40,125,39,119,32,119,33,113,38,109,44,112,47,116,49,122,51,128,50,134,47,139,50,144,51,66,58,68,64,71,70,73,77,75,84,76,91,76,98,76,104,79,110,77,116,79,121,85,123,91,123,98,120,104,115,102,113,96,108,91,103,88,97,84,91,82,84,81,77,80,70,79,63,79,59,85,55,90,49,93,43,97,38,92,118,65,117,72,118,79,121,86,123,93,124,100,125,107,125,115,126,122,127,129,127,137,128,144,130,151,130,159,130,159,124,157,119,161,117,167,120,172,125,176,127,183,127,189,129,196,131,202,134,208,138,213,144,213,148,208,99,159,102,156,107,155,111,153,112,148,116,145,119,142,123,141,122,146,118,148,116,152,116,157,114,161,111,165,108,169,107,174,106,178,110,180,114,181,115,186,115,190,113,194,116,199,117,203,120,207,122,212,125,215,127,219,122,221,118,223
418,59,143,60,139,58,134,57,130,56,126,53,122,53,118,50,114,48,110,47,105,49,102,53,99,58,99,62,98,66,96,70,94,75,93,79,93,84,93,89,94,93,96,97,98,101,100,105,103,108,106,111,109,114,113,116,117,118,121,120,125,120,130,121,134,120,138,116,141,113,145,110,149,107,151,102,152,98,153,96,157,32,75,30,79,27,83,25,87,22,91,23,95,27,98,31,98,35,95,38,91,41,88,44,84,47,82,49,78,49,73,76,171,70,169,64,166,58,163,52,161,45,159,39,158,33,155,28,151,27,144,29,138,33,133,37,128,39,122,36,116,30,117,32,111,37,108,43,111,46,115,48,121,49,127,49,134,45,139,48,144,52,66,59,68,65,71,72,74,79,75,86,76,93,75,100,78,106,79,113,79,118,84,121,91,124,97,124,104,121,111,117,106,114,99,110,94,105,89,98,86,92,82,85,81,78,80,71,79,64,79,59,84,55,89,48,93,42,96,38,91,118,64,117,71,118,79,120,86,123,92,124,100,125,107,125,114,126,122,127,129,127,136,129,144,130,151,130,159,130,159,124,157,119,160,118,166,120,172,126,176,127,182,127,188,129,195,131,201,133,207,137,212,143,214,147,209,99,158,103,155,108,155,112,153,114,149,117,145,121,142,125,142,123,147,119,150,117,154,115,158,114,163,111,167,108,171,107,175,109,179,114,180,117,183,117,188,113,191,113,194,116,198,118,203,120,207,122,212,124,216,127,219,123,221,118,223
419,55,141,57,137,55,132,55,128,54,123,52,119,50,115,47,111,44,108,42,104,41,99,45,97,49,95,53,94,58,93,62,91,67,90,71,90,76,90,81,91,85,93,89,95,93,97,98,99,101,102,105,105,109,108,112,111,114,116,115,120,116,125,116,129,115,134,113,138,110,142,108,145,104,149,100,150,95,150,94,154,31,75,28,79,25,83,22,86,21,91,22,95,26,98,31,98,35,96,38,92,41,88,44,84,47,81,49,77,49,72,75,169,69,167,63,164,57,161,51,159,45,157,39,155,32,153,28,148,25,143,26,136,29,130,33,125,36,120,32,115,27,113,30,108,35,105,41,108,44,114,47,119,47,126,45,132,42,137,45,141,53,67,60,68,66,70,72,73,78,75,85,75,92,75,98,76,104,78,111,77,117,80,120,85,123,92,124,98,120,103,115,101,112,95,107,90,102,86,96,83,90,81,83,81,76,79,70,78,63,78,59,83,55,88,49,92,43,95,38,91,118,64,117,71,120,78,123,85,125,92,125,100,125,107,127,115,127,122,127,130,128,137,129,144,130,152,130,159,130,159,125,158,121,163,122,169,125,175,126,181,127,187,128,193,129,199,131,204,135,209,139,214,145,213,148,208,97,156,100,153,104,150,109,148,112,145,115,141,120,140,122,143,118,145,114,148,111,151,112,156,110,160,107,164,105,168,104,173,104,178,108,178,113,179,115,183,114,188,114,193,115,197,117,202,118,206,121,210,124,214,126,219,123,222,118,223
420,56,141,57,137,57,132,55,128,54,123,53,119,52,114,49,110,46,107,46,102,46,98,50,96,55,95,59,95,64,95,69,95,73,93,77,94,82,94,87,94,91,95,95,96,100,98,104,100,107,103,110,106,113,109,116,113,118,117,118,122,119,127,119,131,118,136,115,140,112,143,109,146,105,149,101,150,96,151,95,155,31,75,28,79,25,83,22,86,20,91,21,95,25,98,30,98,35,96,38,92,41,89,43,85,47,81,49,77,49,72,75,169,69,168,63,165,57,162,51,159,45,156,38,155,32,153,27,149,26,142,27,136,30,130,34,125,36,118,31,115,26,113,29,108,35,106,41,108,44,113,47,119,48,126,46,132,43,137,46,142,52,67,59,68,65,71,72,73,79,74,86,76,92,75,99,76,105,78,112,78,118,82,121,88,122,94,124,101,121,108,116,105,113,98,110,92,105,88,98,85,92,82,85,81,78,80,72,79,65,79,60,84,55,89,49,93,43,95,37,91,118,65,118,72,120,79,122,86,124,94,124,101,125,108,126,115,127,123,128,130,128,137,129,145,130,152,130,159,130,159,124,157,119,161,118,167,122,172,126,177,127,183,127,190,129,196,130,203,135,208,139,213,144,213,148,208,99,158,101,154,105,152,109,151,111,147,115,144,118,141,121,144,117,147,114,150,113,154,113,159,109,162,106,166,104,170,103,175,106,178,110,180,114,182,116,186,113,190,113,194,115,199,117,203,119,207,122,211,125,215,126,218,122,220,118,222
421,55,141,56,136,56,132,55,127,54,123,53,118,50,114,48,110,45,106,45,102,45,97,48,95,53,95,58,95,62,95,67,96,72,96,76,95,80,97,85,97,90,97,94,97,99,98,103,99,107,102,111,105,114,108,117,112,119,116,120,121,121,125,120,130,119,134,117,138,114,142,111,145,107,148,103,150,98,151,95,154,31,75,28,79,25,83,22,86,20,91,21,95,25,98,30,98,34,96,38,93,41,89,43,85,47,81,49,77,49,72,75,168,68,166,62,164,56,161,50,158,43,156,37,154,30,152,26,146,26,140,27,133,30,127,35,122,35,116,30,114,25,112,28,107,35,104,40,107,43,113,47,118,47,125,45,131,42,137,45,141,52,67,59,68,65,71,72,74,79,75,86,76,93,75,100,76,106,79,113,77,118,82,122,88,123,95,124,102,122,109,117,106,114,100,110,94,106,88,99,87,94,82,87,81,80,81,73,79,66,79,60,83,55,88,49,92,43,95,38,91,119,65,118,72,120,80,122,87,124,94,124,101,125,109,126,116,127,123,127,131,128,138,129,145,130,153,130,159,130,159,124,158,119,162,120,168,123,173,127,178,127,184,128,191,129,197,131,203,134,208,139,213,144,211,149,207,99,158,102,155,106,153,110,152,112,148,115,144,119,141,123,141,120,145,117,148,116,153,115,157,113,162,112,166,109,170,107,174,106,179,110,180,114,181,116,186,115,190,113,194,115,198,118,203,121,206,122,211,124,215,127,219,123,221,119,223
422,56,141,56,136,56,132,55,127,54,122,53,118,51,114,48,110,45,106,43,102,44,97,47,94,51,94,56,94,61,95,65,96,70,95,74,94,78,95,83,96,88,96,92,96,97,97,101,98,105,101,109,104,112,107,115,111,117,115,119,120,120,124,120,129,119,133,117,138,114,141,111,144,107,147,103,149,98,150,95,153,31,75,28,78,26,83,23,86,22,91,23,95,27,98,31,98,35,95,38,91,41,88,44,84,47,81,49,77,49,72,75,169,69,168,63,165,57,162,51,159,45,157,39,156,33,154,28,150,26,144,27,137,29,131,33,126,36,121,34,115,28,113,30,108,36,105,41,108,44,114,47,120,47,126,46,132,43,138,46,142,53,67,60,68,66,71,72,74,79,75,86,76,93,75,100,76,106,78,112,76,118,79,122,85,123,92,124,99,122,105,117,104,113,98,110,92,105,88,98,86,93,82,86,81,79,80,72,79,66,79,60,83,56,88,50,91,44,95,38,91,117,64,118,71,120,78,122,86,124,93,125,100,125,108,126,115,127,123,128,130,128,138,129,145,130,153,130,158,130,158,124,157,119,161,119,167,122,172,126,177,127,183,127,189,129,196,131,202,134,207,138,212,144,212,148,208,98,156,102,153,106,151,110,149,113,145,117,141,121,140,122,144,118,146,115,150,114,155,113,159,110,163,108,167,105,171,105,176,109,178,114,179,117,182,116,186,113,190,113,194,116,198,118,203,121,206,122,211,124,215,127,219,123,221,118,223
423,59,142,59,138,58,133,56,129,55,125,53,121,52,116,50,112,48,108,49,104,51,100,55,98,59,96,63,94,67,91,71,89,75,88,80,87,84,87,89,88,93,89,97,92,100,95,104,98,106,101,109,105,112,109,114,113,115,117,117,121,117,126,118,130,118,135,116,139,113,142,109,145,106,148,102,150,98,151,96,155,32,75,30,79,27,83,24,86,22,90,23,95,26,97,31,97,34,94,37,91,40,88,43,84,47,81,49,78,49,73,76,170,70,168,64,166,58,163,52,161,46,159,40,158,34,156,29,152,28,146,30,140,33,134,37,129,39,123,38,118,32,118,32,113,37,109,42,111,46,116,48,121,50,127,49,133,46,139,49,144,52,66,59,68,65,70,72,72,78,74,85,75,92,75,99,76,105,77,112,78,117,82,120,88,123,94,123,101,119,106,115,102,113,96,108,91,102,87,96,84,90,81,83,81,76,79,70,79,63,79,58,84,54,90,49,93,43,97,38,92,118,65,118,72,119,80,122,87,124,94,124,101,125,109,126,116,127,123,128,131,128,138,129,145,130,153,129,158,129,158,123,156,118,160,118,166,121,171,126,175,127,182,127,188,129,194,131,201,134,207,137,212,143,213,148,208,99,157,102,154,107,152,110,149,112,145,116,142,120,138,122,141,119,145,116,149,115,154,113,158,112,163,109,167,106,170,104,175,104,179,109,179,114,181,115,185,114,190,114,194,117,198,118,203,120,208,122,212,124,216,127,220,123,222,118,224
424,60,143,60,139,59,134,58,130,56,126,55,122,54,117,55,113,56,109,59,106,61,103,63,99,67,98,71,95,75,94,78,91,82,89,87,89,91,88,95,88,100,90,103,93,106,96,109,99,112,103,114,106,116,111,118,115,119,119,118,123,118,128,119,132,118,136,115,139,112,143,109,146,106,149,102,151,99,154,98,158,32,75,30,79,27,83,25,86,23,91,24,95,27,97,32,97,36,94,38,91,41,87,44,84,47,81,48,76,49,72,76,172,70,170,65,167,59,164,53,161,47,160,41,159,35,156,31,152,30,146,32,140,35,135,38,129,39,123,35,119,32,116,35,111,40,109,46,113,47,118,50,123,51,130,50,135,45,140,49,144,51,66,58,68,64,70,71,73,77,75,84,76,91,76,97,76,103,79,110,77,116,80,120,85,123,91,123,98,120,104,115,102,113,95,108,91,102,88,96,83,90,82,83,81,76,80,69,79,62,79,58,84,54,90,48,93,43,97,38,92,118,65,117,72,119,79,122,86,124,93,124,101,125,108,126,115,127,123,128,130,128,137,129,145,130,152,129,157,129,157,123,156,118,161,118,167,121,172,126,176,127,183,128,189,129,196,131,202,134,207,138,213,144,214,148,209,99,157,103,154,108,154,111,151,113,147,117,143,120,140,124,141,121,144,118,148,116,152,114,156,112,161,110,165,108,169,106,174,107,178,111,179,116,181,116,185,114,189,113,194,116,198,117,203,120,207,122,211,124,215,127,219,123,221,118,223
425,59,143,60,139,58,134,57,130,55,126,54,121,52,117,49,114,47,109,46,105,50,102,54,101,59,100,64,100,68,98,72,97,77,96,81,95,86,95,90,96,95,97,99,99,103,101,107,104,111,107,114,110,116,114,119,118,121,122,122,127,122,131,123,136,120,140,117,142,114,146,111,149,106,151,102,152,98,153,97,157,32,75,29,79,28,83,25,87,23,91,24,95,27,98,31,98,35,95,37,91,41,88,43,84,46,82,48,77,49,73,76,172,70,170,64,167,59,164,53,161,47,160,41,159,35,156,30,152,29,145,31,139,34,134,38,129,39,123,37,118,31,117,33,111,39,108,44,112,46,117,50,122,50,128,49,134,46,140,49,144,51,67,58,68,65,71,72,74,79,75,87,76,94,75,101,78,107,79,114,80,119,85,122,92,124,99,125,106,122,113,117,108,115,101,111,95,106,89,99,87,93,83,86,82,78,80,71,79,64,79,59,84,56,90,49,93,42,96,37,91,117,64,117,71,119,79,121,86,123,93,124,100,125,107,126,115,127,122,128,129,127,137,129,144,130,151,129,157,129,157,123,156,118,160,118,167,122,171,126,176,127,183,127,189,129,195,130,202,134,207,138,212,144,214,148,209,99,157,103,155,108,154,113,153,115,148,118,144,122,142,126,144,124,148,120,150,118,155,115,159,114,164,110,167,106,171,107,175,112,177,116,178,117,183,116,188,112,189,112,193,115,196,118,201,120,205,122,210,124,214,127,218,123,221,118,222
426,56,142,57,137,56,133,56,128,53,124,53,119,51,115,48,111,45,107,42,103,40,99,42,95,47,95,52,95,57,95,61,95,66,96,71,94,75,95,80,96,84,97,89,99,94,99,98,102,102,104,106,107,109,109,113,111,116,116,117,120,118,125,118,129,118,134,115,138,113,142,110,146,106,149,102,150,97,151,95,154,31,75,28,79,27,83,25,87,23,91,24,95,27,98,31,98,35,95,38,92,41,88,44,85,47,81,49,77,49,73,76,170,70,169,64,166,58,163,52,160,46,158,40,157,33,155,29,150,27,144,28,138,30,132,34,127,37,121,35,115,30,114,33,108,38,105,43,109,45,115,48,120,48,126,47,132,44,137,47,142,52,67,59,68,65,70,72,73,78,75,85,76,92,75,99,76,105,78,112,77,117,81,121,87,122,94,123,101,121,107,116,104,113,98,108,93,104,88,98,85,92,81,85,81,78,80,71,78,65,78,60,83,55,88,49,92,43,94,37,91,117,64,117,71,119,79,122,85,124,93,124,100,125,108,126,115,127,122,128,130,127,137,129,144,130,152,129,157,129,157,123,155,118,159,118,166,121,171,125,175,126,182,127,188,129,195,131,201,134,207,137,212,143,214,147,209,98,156,101,152,105,151,110,149,113,145,116,141,120,139,124,141,121,144,117,147,115,151,113,156,112,160,110,165,108,169,105,173,106,178,111,178,115,180,116,185,114,189,113,194,115,198,118,202,120,207,122,211,124,215,127,219,123,222,118,223
427,59,144,60,140,60,135,58,131,56,126,54,122,53,118,51,114,48,110,47,106,49,102,51,99,56,99,60,100,65,100,69,100,74,98,78,99,83,98,87,98,92,99,97,99,100,102,104,104,108,107,112,110,114,113,117,117,119,121,121,125,121,130,122,134,121,138,117,142,114,145,111,148,107,151,102,152,98,153,97,157,32,75,30,79,27,83,25,87,23,91,24,95,27,98,32,97,36,95,38,91,41,87,44,84,47,81,49,77,49,72,76,172,70,171,64,167,59,164,53,160,47,159,40,159,34,157,29,152,29,146,31,140,33,134,38,130,40,124,39,117,33,118,34,112,38,108,43,111,47,115,49,121,50,127,49,134,46,139,49,144,52,66,59,68,65,71,72,74,79,75,86,76,93,75,100,77,106,79,113,79,118,84,121,90,123,97,123,104,122,111,117,107,113,101,109,95,105,89,98,87,93,82,86,82,79,81,72,79,65,79,59,83,55,89,49,92,43,95,37,91,117,64,117,71,119,79,121,86,124,93,125,100,125,107,126,115,127,122,128,130,128,137,129,144,130,152,129,157,129,157,123,155,118,160,118,166,122,171,126,176,127,183,127,189,129,195,131,202,134,208,138,213,144,213,148,208,100,157,105,155,110,155,114,153,116,148,119,144,123,141,127,141,126,146,121,148,118,152,117,157,115,161,111,165,108,168,106,173,110,175,115,178,118,181,117,186,112,189,113,193,116,197,117,202,120,206,122,210,124,215,127,218,122,220,117,221
428,58,142,59,138,58,133,56,129,56,125,54,121,53,117,52,113,55,110,55,105,58,102,61,100,66,100,70,99,74,96,78,95,82,94,86,92,90,91,95,93,98,95,102,98,105,101,109,104,112,107,115,111,117,114,120,118,121,122,121,127,122,131,121,135,119,139,116,142,113,146,110,149,106,151,101,152,98,155,98,159,32,75,29,78,27,83,25,87,23,91,24,95,27,98,31,97,35,94,38,91,40,87,43,84,47,81,48,77,49,72,76,172,70,171,64,168,59,164,53,161,47,160,40,159,34,156,30,152,29,145,30,139,34,134,38,129,39,123,37,118,31,118,32,111,37,108,43,110,46,116,49,121,50,128,49,134,46,139,49,144,52,67,59,69,65,72,72,74,79,75,86,76,94,75,100,78,107,78,113,80,118,86,121,92,123,99,123,106,120,112,116,107,113,100,109,95,104,90,98,86,92,82,85,81,78,80,71,79,64,79,59,85,54,89,48,93,42,96,37,91,118,65,117,72,117,79,121,86,123,93,124,100,125,108,126,115,127,122,127,129,127,137,129,144,130,151,130,159,130,159,124,157,120,162,119,168,123,173,126,178,128,184,128,191,129,197,132,203,134,209,139,214,144,213,149,208,100,160,104,157,109,158,113,157,115,152,118,148,121,145,126,144,126,148,123,151,118,153,118,158,116,162,113,166,109,169,107,173,109,178,113,178,117,181,118,186,116,190,112,193,115,197,117,201,118,206,122,210,124,213,127,217,123,220,118,221
429,59,143,60,139,59,134,57,130,56,125,54,121,52,118,52,114,53,111,56,107,57,103,61,101,66,101,70,100,74,99,78,96,83,95,87,95,92,94,96,94,100,96,104,98,107,101,111,104,114,108,117,111,119,115,121,119,123,123,124,128,124,132,125,137,122,140,118,143,114,146,112,149,108,152,103,153,99,155,98,159,32,75,29,78,28,82,25,86,23,90,24,95,26,98,31,97,35,95,38,91,40,87,43,84,47,81,48,77,49,72,76,172,70,171,65,167,59,164,53,161,47,159,41,159,35,156,30,152,29,146,31,140,34,134,38,129,39,123,37,118,31,118,32,111,37,108,43,111,46,116,49,121,50,128,49,134,46,139,49,144,52,67,59,68,66,71,72,74,79,75,86,76,93,75,100,77,107,79,114,81,118,86,120,93,124,99,124,106,120,112,116,107,114,100,109,95,104,90,98,87,92,82,85,82,78,80,71,79,64,79,59,84,55,89,48,93,42,96,37,92,118,65,117,72,118,80,121,87,123,94,125,101,125,108,126,116,127,123,128,131,128,138,129,145,130,153,130,160,130,160,124,158,119,162,117,168,122,173,126,178,127,184,128,191,130,197,131,203,135,209,139,214,145,212,149,207,101,159,105,157,110,159,113,156,115,151,118,147,122,144,127,143,128,147,124,150,119,152,119,157,117,162,114,166,109,168,107,172,109,176,113,177,118,179,118,184,115,188,111,190,114,195,116,200,119,204,121,209,124,213,127,217,122,219,117,221
430,59,144,60,140,60,135,57,131,56,127,54,123,53,118,50,115,49,110,50,106,53,103,57,101,62,102,66,101,71,100,75,99,80,98,84,97,89,98,93,97,97,98,101,100,105,103,108,106,112,109,115,112,118,116,120,120,123,124,123,128,123,133,124,137,121,140,117,144,114,147,111,150,107,152,103,154,98,156,98,159,32,75,30,79,27,83,25,86,23,91,23,95,27,98,31,98,35,95,37,91,40,88,43,84,46,82,48,77,49,73,76,172,70,169,65,166,59,163,53,161,46,160,40,159,35,155,30,151,30,145,31,139,35,134,38,128,39,122,35,118,31,116,34,110,39,108,45,111,47,116,50,122,50,128,49,134,46,140,49,144,51,67,58,68,65,71,71,73,78,75,85,76,92,75,99,77,105,80,112,82,116,88,119,94,122,100,123,107,119,112,115,107,112,101,108,95,103,90,97,86,91,82,84,81,77,81,70,79,63,79,59,85,55,90,48,94,42,97,37,92,118,65,118,73,120,80,122,87,124,95,126,102,126,109,127,117,128,125,128,132,128,140,130,147,131,154,131,161,131,161,125,159,120,162,117,168,121,173,126,177,128,183,129,190,130,196,131,203,134,208,138,213,144,211,149,207,101,160,105,158,110,159,113,156,114,151,118,148,122,146,127,146,126,151,121,153,117,155,118,160,116,165,112,167,107,170,105,174,109,178,114,178,118,181,116,186,114,190,112,194,116,198,117,202,120,207,123,210,125,214,127,217,122,220,118,222
431,56,143,58,139,58,135,56,131,55,126,54,122,52,118,49,114,47,110,45,106,45,101,49,100,54,99,58,99,63,98,67,97,72,96,76,96,81,95,85,96,90,97,94,98,98,100,102,102,106,105,109,108,112,111,115,115,117,119,118,124,119,128,119,133,118,137,115,141,112,144,110,148,106,150,103,153,98,155,97,158,31,75,28,79,26,83,24,87,23,91,24,96,27,99,32,99,35,96,38,92,41,88,44,85,47,82,49,78,49,73,76,171,70,169,64,166,58,162,52,159,45,158,38,156,32,153,28,148,27,142,28,135,32,129,36,124,37,118,32,115,28,113,31,107,37,104,42,109,45,114,48,120,48,126,48,132,44,138,47,143,52,67,59,68,65,72,72,74,79,75,86,76,93,75,99,79,105,82,112,85,116,90,119,97,121,104,122,111,119,114,114,108,111,102,108,96,103,91,97,87,91,83,84,82,77,81,70,79,62,79,59,85,54,90,48,93,42,96,37,91,117,66,118,73,119,81,121,88,123,95,125,102,125,110,126,117,127,124,128,132,128,139,129,146,130,154,130,160,130,160,124,161,121,165,121,171,125,176,126,181,128,187,129,193,130,199,132,204,135,209,139,214,145,213,148,208,101,161,104,158,109,158,112,155,113,150,117,147,121,146,126,147,127,150,122,150,117,151,115,155,115,160,115,164,112,168,109,172,107,176,107,180,112,181,116,183,117,188,115,192,114,197,117,201,119,205,122,209,124,213,127,217,123,220,119,222
432,56,142,57,138,56,133,55,129,55,124,52,120,51,116,48,112,45,109,45,104,45,100,49,98,54,97,58,97,63,96,67,94,71,93,76,93,80,92,85,92,89,93,94,94,98,97,101,100,104,103,107,106,110,110,112,114,115,118,116,122,116,127,116,131,116,136,115,140,111,144,108,147,105,150,101,152,97,154,96,158,31,75,28,78,26,83,24,87,23,91,23,96,27,99,31,99,35,96,38,92,40,88,43,85,46,82,49,78,49,73,76,170,70,168,64,165,58,162,52,159,46,157,39,156,33,154,29,149,26,143,26,136,29,130,34,125,35,119,32,114,27,112,31,106,36,104,42,107,44,113,47,118,47,125,46,131,43,137,46,141,52,67,59,69,65,71,72,73,79,75,86,76,92,75,98,78,104,81,111,83,114,89,117,95,120,102,121,108,118,112,114,106,110,101,106,95,101,90,95,86,90,82,83,81,76,81,69,80,62,80,58,86,53,90,47,94,41,97,37,91,117,66,118,73,119,81,121,88,123,95,124,102,126,110,126,117,127,124,128,132,128,139,129,146,130,154,131,160,131,160,125,161,121,165,122,171,125,176,126,182,128,187,130,193,130,199,132,205,135,210,140,214,145,212,149,207,100,161,102,157,106,155,111,153,113,149,116,145,120,143,125,145,125,148,120,148,115,150,113,154,114,159,113,164,110,168,108,172,106,177,106,181,110,182,114,184,117,187,117,192,115,196,116,201,119,205,121,209,124,213,127,217,124,221,119,222
433,56,142,57,138,57,133,56,129,54,124,53,120,51,116,48,112,46,109,45,104,46,100,50,98,54,97,59,96,63,94,67,92,71,91,76,90,81,90,85,90,89,91,93,93,97,96,101,99,104,102,107,106,110,109,112,113,114,117,115,122,116,126,116,131,116,135,115,139,112,143,109,147,105,148,102,151,98,154,96,158,31,75,28,79,27,83,24,87,23,91,24,96,27,99,32,99,35,96,38,92,40,88,43,85,47,82,49,78,49,73,76,170,70,168,64,165,58,162,52,159,45,157,39,156,32,154,27,149,26,143,27,136,29,130,33,125,36,119,34,113,27,113,30,107,35,104,41,106,44,112,46,118,48,124,46,131,43,137,46,142,52,67,59,69,65,71,72,73,79,75,85,76,92,75,98,78,104,81,111,84,113,90,117,96,119,102,121,109,118,112,114,107,110,101,105,95,101,90,96,86,90,82,83,81,76,81,69,80,62,80,58,86,53,91,47,94,41,97,37,91,117,66,118,73,118,81,120,88,122,95,124,102,125,109,126,116,127,124,128,131,128,138,129,145,130,153,131,162,131,162,126,161,122,166,122,172,125,176,126,182,128,188,129,193,130,199,131,205,135,210,139,213,145,211,149,207,100,160,103,157,108,156,111,153,113,148,116,145,121,144,126,145,125,148,120,149,116,151,114,155,114,160,113,165,110,168,108,173,105,177,106,182,110,182,115,183,117,187,117,192,115,196,116,200,118,205,121,209,124,212,126,217,124,221,119,222
434,56,142,57,138,57,133,56,129,54,124,53,120,51,116,49,112,46,109,46,104,48,100,52,98,57,97,61,96,65,94,69,92,73,91,78,90,82,90,87,90,91,91,95,93,99,96,102,99,106,102,108,105,111,109,113,113,114,117,116,122,116,126,117,131,117,135,116,139,112,143,110,146,106,149,102,151,98,153,96,157,31,75,28,79,27,83,24,87,23,91,24,96,27,99,32,99,35,96,38,92,40,88,43,85,47,82,49,78,49,73,76,170,70,168,64,165,58,162,52,159,45,157,39,156,33,153,28,148,26,142,27,136,30,130,34,125,36,119,32,114,28,111,32,106,37,103,42,107,45,113,47,119,47,125,47,132,43,137,46,142,52,67,59,69,65,71,72,73,79,75,85,75,92,75,99,78,105,81,111,84,114,90,116,97,119,103,121,109,117,112,113,107,109,101,106,95,101,90,96,86,90,82,83,81,76,81,69,80,63,81,58,86,53,91,47,94,41,97,37,91,117,66,118,73,119,80,121,87,122,95,124,102,125,109,126,116,127,124,128,131,128,138,129,145,130,153,131,162,131,162,125,161,121,165,120,171,123,176,126,181,127,187,129,193,130,199,131,205,135,210,139,214,145,212,149,207,101,162,103,158,107,156,111,155,112,150,115,146,119,145,124,145,124,148,119,148,115,151,114,156,114,160,113,165,109,168,107,172,105,177,105,181,109,182,114,183,116,187,116,192,114,196,115,200,118,204,120,209,123,212,126,216,123,220,119,222
435,56,141,58,137,57,133,55,128,54,124,53,120,52,115,50,111,48,107,51,104,55,102,58,98,63,97,66,95,70,92,74,90,78,88,82,86,87,86,91,86,96,87,100,90,103,92,106,96,109,100,111,104,113,108,115,112,116,116,117,121,117,125,117,130,118,134,116,138,113,142,110,145,106,147,102,150,99,153,96,156,31,75,29,79,26,83,24,87,22,91,23,95,27,98,31,98,35,96,37,92,40,88,43,85,47,81,49,78,49,73,76,169,70,168,64,165,58,162,52,159,46,157,39,156,33,154,29,149,27,142,28,136,31,130,35,125,36,118,32,115,28,111,32,106,38,105,43,108,45,114,48,120,48,126,46,132,43,137,46,142,52,66,58,68,65,71,71,73,78,75,85,76,92,76,98,77,104,79,110,81,115,86,118,93,121,99,122,106,118,110,113,105,111,98,106,93,101,89,96,85,89,82,83,81,76,80,69,79,62,81,58,86,53,91,48,95,41,97,37,92,118,65,118,72,118,80,121,87,122,94,124,101,125,108,126,115,127,123,127,130,128,137,129,145,129,152,131,162,131,162,126,160,121,164,119,170,122,175,126,180,127,186,128,192,130,198,131,204,134,209,139,214,144,212,148,207,99,160,102,157,106,155,110,153,112,148,115,145,120,144,124,145,120,147,116,149,114,154,114,158,114,163,111,167,109,172,106,175,104,180,107,183,112,184,116,185,118,189,117,194,115,198,117,202,120,206,122,210,125,215,127,219,124,222,119,223
436,56,140,57,136,57,131,56,127,54,123,53,118,52,114,53,110,53,105,56,102,60,100,63,98,66,94,70,92,74,89,77,86,81,85,85,84,90,83,94,84,98,86,102,88,106,90,109,94,111,97,114,101,115,105,116,110,117,114,117,118,117,123,117,127,117,132,115,136,112,140,109,142,106,146,102,147,99,151,97,155,32,75,30,79,27,82,24,86,22,91,22,95,26,98,31,98,34,96,37,92,40,88,43,85,47,81,49,78,49,73,76,169,70,166,64,164,58,161,52,159,45,157,39,155,33,153,28,148,27,142,29,135,32,129,35,124,36,117,31,115,27,112,31,107,37,104,43,107,45,113,47,119,48,124,47,131,44,137,46,142,52,66,58,68,65,71,71,73,77,75,84,75,91,75,98,75,104,78,110,76,116,80,119,85,121,92,123,98,119,103,114,100,112,93,107,89,101,86,95,82,89,81,82,81,75,80,69,79,62,80,58,85,53,90,48,94,42,97,38,92,119,65,118,72,119,80,122,87,124,94,124,101,125,109,127,116,127,124,127,131,128,139,129,146,130,154,131,162,131,162,125,160,120,162,119,168,120,174,125,178,127,184,127,190,129,196,130,202,133,207,137,212,142,212,147,208,98,159,101,156,105,153,109,151,112,147,115,144,120,142,123,144,120,146,116,149,113,152,113,157,112,162,111,166,108,170,105,174,104,179,107,180,112,181,115,184,115,189,114,193,115,198,117,202,120,206,122,210,124,214,127,218,123,221,119,223
437,58,141,59,137,58,133,57,128,56,124,55,120,56,116,59,113,60,109,62,105,66,102,69,100,72,96,75,93,78,90,82,89,86,88,90,86,95,86,99,86,103,88,107,91,110,93,113,97,115,100,117,104,119,108,119,112,119,117,119,121,119,125,118,130,116,134,114,137,111,141,109,145,106,148,103,151,100,153,98,157,32,75,29,78,26,82,23,86,21,90,22,95,25,99,30,99,34,96,37,92,40,89,42,85,46,82,48,78,49,73,75,170,69,167,63,164,57,161,51,159,44,157,38,156,32,152,29,147,28,140,29,134,34,129,37,123,36,117,31,116,26,113,28,107,35,105,41,107,44,112,47,118,49,124,48,131,45,137,47,142,51,66,57,68,64,70,70,72,77,74,83,76,90,76,97,75,103,78,109,76,115,77,120,82,122,88,124,95,120,100,115,99,112,93,107,88,101,86,95,83,89,81,82,81,75,80,69,78,62,80,59,85,54,90,48,94,43,97,38,92,118,65,117,72,120,80,123,86,125,94,125,101,125,109,127,116,128,124,128,131,128,139,129,146,130,154,131,163,131,163,126,161,121,164,120,170,122,175,126,180,127,186,128,192,130,198,131,204,134,209,138,213,144,211,148,207,99,160,102,157,105,154,109,152,111,147,115,145,119,143,122,145,118,148,114,150,113,155,114,160,111,164,108,167,105,171,103,176,103,180,108,182,112,183,116,186,117,191,115,195,115,199,118,203,120,207,122,211,125,214,127,219,123,221,118,222
438,58,144,60,140,60,136,58,132,57,128,56,124,57,120,56,115,57,111,58,107,62,105,65,102,69,101,73,100,77,99,81,97,85,95,90,94,94,93,98,93,102,95,106,97,109,100,112,103,115,106,117,110,119,114,121,118,121,122,121,126,121,131,120,135,118,139,115,142,112,145,110,149,107,151,103,154,101,157,100,161,32,75,29,78,26,82,23,86,21,91,22,96,25,99,30,99,34,97,37,93,40,89,42,85,46,82,49,78,49,73,75,171,69,168,63,165,57,162,50,160,43,159,37,156,32,152,29,146,30,139,32,133,37,128,39,122,36,116,30,117,26,113,29,107,35,106,42,108,46,113,48,119,50,125,49,132,46,138,48,144,51,66,58,68,64,71,71,74,78,75,86,76,93,75,99,77,106,78,114,77,119,81,122,87,124,94,125,102,122,108,117,105,115,98,110,92,105,88,99,85,92,82,85,81,78,80,71,79,64,79,59,85,55,90,49,94,43,97,38,92,119,65,117,72,118,79,122,86,124,93,125,101,125,108,126,116,127,124,128,131,128,139,129,146,130,154,132,164,132,164,126,162,121,165,118,171,122,176,126,180,128,186,129,193,130,199,132,205,134,211,139,214,145,211,150,207,101,162,105,159,109,158,111,155,112,150,116,147,120,145,124,145,121,148,117,151,116,155,116,160,115,164,112,168,109,172,107,176,105,181,107,184,111,183,115,185,116,189,115,194,115,199,117,203,120,207,122,211,124,215,127,218,123,221,119,223
439,59,143,60,138,60,134,58,130,56,125,54,121,53,116,51,112,48,108,46,104,45,100,46,96,51,96,55,96,60,96,64,94,69,92,73,92,78,91,82,92,87,94,91,95,95,98,99,101,103,103,106,106,109,110,112,114,115,117,117,122,118,126,118,131,119,136,117,140,114,144,110,146,106,149,103,152,99,155,98,159,32,75,29,79,27,83,24,86,22,90,23,95,26,98,31,98,35,95,37,92,40,88,43,84,47,81,49,78,49,73,76,171,70,169,64,166,58,163,52,160,46,159,39,158,33,155,29,150,29,144,30,138,34,132,38,127,39,121,35,117,29,116,31,110,36,107,42,109,46,113,47,120,50,125,49,132,46,137,48,143,53,67,60,68,66,70,72,73,79,75,85,76,92,76,98,75,104,78,111,76,117,79,121,84,123,90,124,97,121,103,116,101,113,95,109,90,103,87,97,84,91,81,84,81,78,80,71,79,64,79,60,83,55,88,50,92,44,95,38,91,118,65,118,72,120,80,123,87,125,94,125,102,126,109,126,117,127,124,128,132,128,140,130,147,130,155,131,162,131,162,125,160,120,164,119,170,122,175,127,180,128,186,129,192,130,199,131,205,135,210,139,214,145,211,150,207,101,161,105,158,109,157,112,154,113,150,117,147,121,144,125,144,123,148,119,150,117,155,117,160,115,164,112,168,109,172,108,176,106,181,108,183,113,183,116,187,117,191,114,195,115,199,117,204,120,208,122,212,125,216,127,220,123,222,118,223
440,60,143,61,138,60,134,58,130,56,125,54,121,54,117,51,113,49,109,48,104,48,99,50,96,55,95,59,94,63,91,67,89,71,87,76,86,81,86,85,88,89,90,93,92,97,96,100,99,103,102,107,106,109,110,111,114,113,118,115,122,115,127,117,131,118,136,116,140,113,144,110,147,105,149,102,152,98,154,98,158,32,75,30,79,28,83,25,86,23,90,24,94,27,97,31,97,35,95,38,91,40,87,43,84,47,81,48,77,49,73,77,171,71,169,65,166,60,163,54,161,48,160,41,159,35,157,31,153,30,147,32,141,35,136,37,130,40,124,38,118,33,118,35,112,39,109,45,112,47,117,50,123,51,129,49,135,45,140,49,144,52,66,59,68,65,71,71,73,78,74,85,75,92,75,98,76,105,78,112,78,117,82,120,88,123,95,124,101,120,107,115,102,113,96,108,91,102,87,96,84,90,81,83,81,77,79,70,79,63,80,59,85,54,90,48,94,42,96,38,91,119,65,117,72,118,80,121,86,123,94,124,101,125,109,126,116,127,124,128,131,128,139,129,146,130,154,130,160,130,160,124,158,120,162,119,169,123,174,126,179,127,185,129,192,130,198,132,204,135,210,140,214,146,212,150,207,99,159,103,156,108,155,111,152,113,147,117,144,120,140,123,142,121,146,118,150,116,155,115,160,114,165,111,168,108,173,106,177,105,182,110,182,115,183,116,187,115,192,113,196,117,200,118,205,121,209,122,214,125,218,127,221,123,223,118,224
441,61,143,61,139,60,134,58,130,56,126,55,122,56,117,56,113,57,109,59,105,60,101,62,98,66,96,70,93,73,90,77,88,81,87,86,86,90,86,95,87,99,89,102,92,105,95,109,98,111,101,113,105,115,110,116,114,118,118,118,122,119,127,119,131,119,136,116,139,114,143,111,146,107,149,104,151,100,154,98,158,32,75,30,79,27,83,25,87,23,91,24,95,28,98,32,98,35,95,38,91,41,88,43,84,47,82,49,78,49,73,76,171,70,170,64,167,59,163,53,160,47,159,41,159,35,156,30,152,29,146,31,140,35,134,38,129,40,123,38,118,32,118,34,112,39,109,45,112,47,117,50,122,51,128,50,134,47,140,50,144,52,66,58,68,65,71,71,72,78,74,85,75,92,75,98,76,105,78,111,77,117,81,120,87,123,93,124,100,119,104,115,101,113,95,107,90,102,87,96,83,89,82,83,80,76,79,69,79,63,79,59,85,54,90,48,93,43,97,38,92,119,65,117,72,118,79,121,86,124,93,124,100,125,108,126,115,126,122,127,130,128,137,128,144,130,152,130,159,130,159,124,157,119,160,118,167,120,172,125,176,127,183,128,189,129,195,131,202,134,207,138,212,144,212,148,207,99,159,102,155,107,154,110,151,112,146,116,143,118,139,122,139,121,144,118,148,116,153,114,157,114,162,111,167,107,170,106,175,105,180,109,181,114,182,116,186,115,191,113,195,116,199,119,204,121,208,122,213,125,217,127,220,123,222,118,224
442,60,143,60,138,59,134,57,130,56,126,54,122,54,117,51,113,50,109,51,104,53,101,58,100,62,99,66,97,70,95,75,94,79,93,84,93,88,93,93,94,97,95,101,97,104,100,108,103,111,107,114,110,117,114,119,118,120,122,121,127,123,131,123,135,121,139,117,143,114,146,111,149,107,151,102,152,98,154,97,158,32,75,29,79,27,83,25,87,22,90,24,95,27,98,31,98,35,95,38,92,40,87,43,84,47,82,48,77,49,73,76,172,70,170,64,167,59,164,53,161,47,159,40,158,34,155,29,152,29,146,31,140,34,134,38,129,39,123,37,118,31,118,33,112,38,109,44,112,47,116,49,122,50,128,49,134,46,139,49,144,51,66,58,68,64,71,71,73,78,75,85,76,92,75,99,77,106,79,113,79,118,85,121,91,124,98,124,105,121,111,116,106,114,99,110,94,105,89,98,86,92,82,85,81,78,80,71,79,64,79,59,84,55,90,49,94,42,97,38,92,117,65,117,72,118,80,121,87,124,94,125,101,125,108,126,115,127,123,128,130,127,137,129,145,130,152,130,158,130,158,124,156,119,160,118,166,121,171,126,176,127,183,127,189,129,196,130,202,134,207,138,213,144,213,148,208,99,158,103,155,108,155,112,154,114,149,117,145,121,142,126,141,125,146,122,149,118,153,117,157,115,161,111,164,108,168,106,173,108,177,113,179,116,182,116,187,114,190,113,195,116,198,118,202,120,207,122,211,125,215,126,219,122,221,117,222
443,56,140,57,136,55,131,55,126,53,122,52,118,49,114,46,111,43,107,41,103,41,99,46,97,50,95,54,93,59,92,63,89,67,89,72,88,77,89,81,90,85,92,90,94,94,97,97,99,101,103,105,105,109,108,112,111,114,115,115,120,116,125,116,129,115,134,113,138,111,142,108,146,104,149,100,149,95,150,94,154,31,75,28,79,25,83,22,86,21,91,22,95,26,98,31,98,35,96,37,92,41,88,43,84,47,81,49,77,49,72,75,168,69,166,63,164,57,161,51,158,45,156,39,155,33,153,28,149,26,143,26,137,29,131,33,126,35,120,31,115,27,112,30,107,36,105,42,108,44,114,47,119,47,126,45,132,42,137,45,141,53,67,60,68,66,70,72,73,79,74,85,75,92,75,98,76,105,78,111,77,117,81,121,86,123,92,124,99,120,104,115,100,111,95,107,90,101,87,96,83,90,81,83,81,77,79,70,79,64,79,59,84,54,88,49,93,43,95,38,91,118,65,118,72,120,80,122,87,124,94,125,102,125,109,126,116,128,124,128,131,128,139,129,146,130,154,130,158,130,158,124,157,120,162,121,168,124,173,126,179,127,185,128,191,130,196,131,202,134,208,138,212,144,212,148,208,96,154,100,151,104,148,109,147,113,144,115,140,120,139,124,142,119,145,115,147,113,152,112,157,110,161,108,166,105,169,103,174,106,177,111,177,114,180,117,185,114,189,113,194,116,198,117,202,119,206,122,211,124,215,127,219,123,222,118,223
444,56,141,57,137,57,132,55,128,54,123,53,119,52,115,49,111,47,107,46,103,47,98,51,96,55,95,60,95,64,95,69,95,73,93,77,94,82,94,86,94,91,95,95,96,99,98,103,100,107,103,110,106,113,109,116,113,117,117,119,122,119,126,118,131,118,135,116,139,113,143,110,146,106,149,102,150,97,151,95,155,31,75,28,79,25,83,22,87,20,91,22,95,26,98,31,98,35,96,38,92,41,88,44,84,47,81,50,77,49,72,75,169,68,168,62,165,56,162,50,159,44,156,38,155,31,152,27,147,26,141,27,135,31,129,35,124,37,118,32,115,26,114,28,108,34,105,40,107,44,112,46,119,48,125,47,131,43,137,46,141,52,66,59,68,65,71,71,73,78,75,85,76,92,75,99,76,105,78,112,77,118,81,122,87,124,94,124,101,121,107,116,103,113,97,109,91,103,87,97,84,91,81,84,81,77,80,71,79,64,79,59,84,54,89,49,92,42,95,37,91,118,64,118,71,120,79,122,86,124,93,125,101,126,108,127,115,128,123,128,130,128,138,129,145,130,153,130,157,130,157,124,156,119,161,120,167,123,172,126,178,128,184,129,190,129,197,131,203,135,208,139,213,144,213,148,208,98,157,101,154,104,150,109,148,112,144,116,142,120,140,121,143,117,146,114,149,114,154,112,159,110,163,107,167,104,171,104,176,108,178,112,179,116,182,116,187,113,190,113,195,117,198,118,203,120,207,122,211,125,215,127,219,123,222,118,223
445,55,141,56,136,55,132,55,127,54,123,53,118,51,114,48,110,45,106,44,101,44,97,47,94,51,94,56,94,61,95,66,96,70,96,75,95,79,96,84,97,89,97,93,98,98,99,102,100,107,102,110,105,114,107,117,111,119,115,120,120,121,125,120,129,119,134,117,138,115,142,111,145,107,147,103,149,98,150,95,153,31,75,28,79,25,83,22,86,21,91,22,95,26,98,30,99,34,96,37,93,40,89,43,85,46,82,49,78,49,73,75,168,69,166,63,163,56,161,50,158,44,156,37,155,31,152,27,147,26,140,26,134,30,128,35,124,36,117,31,113,26,113,28,107,34,104,40,107,43,112,46,118,48,123,46,130,43,136,45,141,52,67,59,68,65,71,72,74,79,75,86,76,93,75,100,77,106,78,113,77,119,82,121,88,123,95,124,102,122,109,117,105,114,99,110,93,105,88,99,86,93,82,86,82,79,80,72,79,65,79,60,83,56,88,50,92,44,95,38,91,119,65,118,72,120,80,122,87,124,94,125,101,125,109,126,116,127,123,128,131,128,138,129,145,130,153,130,158,130,158,124,157,120,162,120,168,124,174,127,179,128,185,129,192,129,198,132,204,135,209,139,214,145,213,149,208,98,158,101,155,106,153,110,151,112,147,115,143,119,141,124,141,122,144,118,148,116,152,114,156,113,161,111,165,108,169,106,173,106,178,111,179,115,181,116,186,114,190,113,194,116,199,118,203,120,207,122,211,124,215,127,219,122,221,118,223
446,56,141,56,136,57,132,55,127,54,123,53,118,51,114,49,110,46,106,44,102,45,97,49,94,53,94,58,95,63,95,67,96,72,97,76,96,81,96,85,98,89,98,94,98,99,98,103,100,107,102,111,105,115,108,118,111,120,115,121,120,122,125,121,129,121,134,119,138,116,142,112,144,108,147,103,148,99,150,96,153,31,75,28,79,25,83,22,86,20,91,22,95,26,98,31,99,34,96,38,92,40,88,43,84,47,81,49,77,49,72,75,169,69,167,62,164,56,161,50,159,44,156,37,155,31,152,27,147,26,141,27,134,30,128,35,124,37,118,32,115,26,113,28,107,34,105,40,107,44,113,47,118,48,125,46,131,43,137,46,141,52,67,59,68,66,71,72,74,79,75,86,76,93,75,100,77,106,79,113,78,119,82,121,89,123,95,124,102,122,109,117,106,114,99,110,94,105,89,98,86,93,82,86,82,79,80,72,79,64,79,60,84,55,89,49,92,43,95,37,91,118,64,117,71,120,78,122,85,124,93,125,100,125,107,126,115,127,122,128,130,128,137,129,144,130,152,130,159,130,159,124,157,119,160,118,167,121,172,126,176,127,182,128,189,129,195,131,202,134,207,138,212,144,212,149,208,99,158,102,154,106,153,110,150,113,146,116,143,120,140,123,141,120,144,116,147,115,152,113,156,112,161,109,165,107,169,104,173,105,177,110,179,114,180,117,184,116,189,113,192,114,197,117,201,119,205,121,209,124,214,126,218,123,221,118,222
447,59,142,59,138,58,134,56,129,55,125,54,121,54,117,54,112,55,108,57,104,59,101,63,99,68,98,72,96,75,93,79,92,84,91,88,91,92,90,97,91,100,93,104,96,108,98,111,102,114,105,116,108,118,112,120,116,121,121,121,125,122,130,121,134,119,138,115,141,112,144,109,147,106,150,102,151,98,153,97,157,32,75,29,79,26,83,23,87,21,91,22,96,26,99,31,99,35,96,37,92,40,88,43,84,47,82,49,78,49,73,75,170,69,168,63,165,57,161,50,159,44,158,37,156,32,152,28,146,29,139,31,133,35,128,37,121,35,116,28,116,26,112,30,106,37,106,43,108,45,114,48,119,49,126,48,132,45,138,48,143,50,66,57,68,63,71,70,73,77,75,84,76,91,76,97,77,104,79,110,78,116,81,121,87,123,94,123,100,120,106,115,104,113,97,108,92,103,89,97,85,91,82,84,81,77,80,70,79,63,79,59,85,54,90,48,94,42,97,38,92,118,65,117,72,118,80,121,86,123,93,125,100,125,108,125,115,127,123,127,130,127,137,129,145,130,152,130,157,130,157,124,156,119,161,118,167,123,172,126,177,128,184,128,190,129,197,132,203,135,209,139,214,145,212,149,207,99,157,103,155,108,154,111,151,113,146,116,143,121,141,124,142,121,145,118,149,116,154,114,158,113,163,111,167,108,171,106,176,107,180,112,180,117,182,116,187,113,191,113,195,116,199,118,203,121,207,122,212,124,216,127,220,123,222,118,224
448,60,143,60,139,59,134,58,130,56,126,55,122,54,118,55,113,56,109,59,106,62,103,64,99,68,98,72,96,76,94,80,92,84,90,88,90,93,90,97,89,101,92,104,94,108,97,111,100,114,104,116,107,118,111,120,115,120,120,120,124,121,128,121,133,118,136,115,140,112,143,110,146,107,150,103,152,99,154,98,158,32,75,29,78,27,82,23,86,22,90,23,95,26,98,31,98,35,95,37,92,40,88,43,84,47,81,48,77,49,72,76,172,70,170,64,167,59,163,53,160,46,159,40,158,34,156,30,150,30,144,32,138,36,133,39,127,40,120,34,118,29,116,32,111,37,108,43,111,46,116,49,121,50,127,50,134,46,139,49,144,50,66,57,68,63,70,70,72,76,75,83,76,90,76,97,75,102,79,108,77,115,79,120,84,123,90,124,96,121,103,115,102,113,96,109,90,103,88,97,85,91,82,84,81,77,80,70,79,63,79,59,84,54,90,48,93,43,97,38,92,118,65,118,72,119,80,121,87,124,94,124,101,125,109,126,116,127,123,128,131,128,138,129,145,130,153,130,159,130,159,124,157,119,161,117,168,121,173,126,177,127,183,127,190,129,196,131,203,134,208,138,214,144,213,149,208,99,158,103,155,107,154,110,151,113,147,116,144,120,140,123,142,120,146,117,149,116,153,115,158,112,162,109,165,107,170,106,174,107,178,112,179,115,182,116,186,114,191,114,195,116,199,117,203,121,207,122,211,125,215,127,219,123,221,118,222
449,59,143,59,138,57,134,57,129,55,125,54,120,52,116,49,113,46,109,44,105,45,100,49,98,54,98,59,98,63,98,68,97,72,95,77,95,82,95,87,95,91,97,96,98,100,100,104,102,108,105,112,109,115,112,118,116,119,120,121,125,122,130,123,134,121,138,118,142,115,146,111,148,107,150,102,151,97,152,96,156,32,75,29,79,27,82,25,86,23,91,23,95,27,98,31,97,34,95,38,91,40,88,43,84,46,82,48,77,49,73,76,172,70,170,64,167,59,164,53,161,47,160,40,159,34,156,30,151,29,145,30,139,34,134,37,128,38,122,36,117,31,116,33,111,38,108,43,111,46,116,49,122,50,128,49,134,46,139,49,144,52,67,59,68,65,72,72,73,80,74,87,76,94,75,100,78,107,80,114,80,119,85,122,92,124,99,125,106,122,112,117,107,114,100,110,94,105,89,98,86,92,82,85,82,78,80,71,79,63,79,59,84,55,89,48,93,42,96,37,91,117,65,117,72,119,80,121,87,124,93,124,101,125,108,126,115,127,123,128,130,128,137,129,145,130,152,130,157,130,157,124,156,119,160,120,167,124,172,127,177,127,184,128,190,130,196,132,203,135,208,139,213,145,213,149,208,99,157,103,155,108,154,113,152,116,148,119,144,123,142,127,144,125,147,120,149,117,153,116,158,114,163,111,166,107,170,105,174,109,177,114,177,118,181,118,186,115,189,112,192,114,196,117,201,119,205,121,210,124,214,127,218,123,221,118,222
450,57,142,58,137,57,132,56,128,54,123,54,118,51,114,48,110,45,107,41,103,40,99,43,95,48,95,52,95,57,95,62,96,67,95,71,94,76,95,81,96,86,97,90,99,94,100,99,102,103,104,107,107,111,110,114,113,117,118,117,122,119,127,120,132,118,136,116,140,113,144,110,148,106,150,101,151,96,151,94,155,32,75,29,78,28,83,25,86,23,90,24,95,27,98,31,98,35,96,38,92,41,88,43,84,46,81,49,78,49,73,76,170,70,168,64,165,58,162,52,159,46,158,40,157,33,155,29,150,27,144,28,138,31,132,36,127,37,121,36,115,30,115,32,109,37,106,42,109,45,115,47,120,48,126,47,133,44,138,47,143,52,67,59,68,65,70,72,72,79,74,85,76,92,75,99,76,105,78,112,77,117,81,121,87,122,93,123,100,121,107,116,104,112,98,108,93,103,88,97,85,91,81,85,81,78,80,71,78,64,78,60,83,55,88,49,92,43,94,37,91,117,65,117,72,119,80,122,87,124,94,124,101,125,108,126,116,127,123,128,131,128,138,129,145,130,153,129,157,129,157,123,155,118,159,118,166,121,171,126,175,126,182,127,188,128,195,131,201,134,207,138,212,144,214,148,209,98,155,102,152,107,152,111,149,114,144,117,140,122,138,125,141,121,144,118,148,116,152,113,157,111,162,108,166,105,169,103,174,107,177,112,178,116,181,116,185,113,189,113,194,116,198,118,203,120,207,122,212,125,216,127,219,123,222,118,223
451,60,144,60,139,59,135,57,131,57,126,55,122,53,118,51,114,49,110,49,105,52,102,56,100,61,100,65,100,70,100,74,99,79,98,84,98,88,98,93,98,97,98,102,99,105,102,109,105,112,108,116,111,118,115,121,119,122,123,123,128,124,133,124,137,121,140,117,143,114,147,111,149,106,151,102,152,97,153,97,157,32,75,30,79,28,83,25,87,23,91,24,95,27,98,32,98,35,95,38,92,41,88,44,84,47,82,49,78,49,73,76,172,70,171,64,167,59,164,53,160,47,159,40,159,34,156,29,152,29,146,31,140,34,134,39,129,40,123,39,117,33,118,34,112,39,108,44,111,47,117,50,122,50,128,49,134,45,139,49,144,51,66,58,68,65,71,71,73,79,75,86,76,93,75,99,77,106,79,113,79,118,84,121,91,123,98,123,105,122,112,117,109,115,102,111,96,106,90,100,88,94,83,87,82,80,81,73,79,66,79,60,83,56,89,49,92,43,96,38,92,118,65,117,72,118,80,121,86,123,93,124,101,125,108,125,115,127,123,127,130,127,137,129,145,130,152,129,157,129,157,123,156,118,160,119,167,123,172,127,177,127,183,128,190,130,196,131,202,135,208,139,213,144,213,148,208,100,156,105,154,110,154,114,152,116,147,119,144,124,141,128,143,125,146,121,149,118,153,117,158,115,162,111,165,108,169,106,173,110,176,115,176,119,179,118,184,115,188,111,190,114,194,116,199,118,204,121,208,123,212,126,216,123,220,118,222
452,59,143,60,139,59,134,57,130,56,126,53,122,53,117,51,113,52,110,53,105,56,102,61,101,65,102,70,101,74,100,78,99,83,97,87,97,92,97,96,96,100,98,104,100,108,104,111,107,114,109,118,113,120,116,123,120,124,124,124,129,125,133,124,138,120,141,117,144,114,147,110,150,106,152,102,153,98,155,98,159,32,75,30,79,27,83,25,87,23,91,24,95,28,98,32,97,36,95,39,91,41,87,44,84,48,81,49,77,49,72,76,172,70,170,64,167,59,163,53,161,47,159,40,159,34,156,30,152,29,146,31,140,34,134,38,129,41,124,39,118,32,118,34,112,39,108,44,111,47,116,50,122,51,128,50,134,45,139,49,143,51,66,58,68,65,71,71,73,78,75,86,76,93,75,99,77,106,80,113,80,118,85,121,92,124,98,124,105,121,112,117,107,114,100,109,95,105,90,98,87,93,83,85,82,78,80,71,79,64,79,60,84,56,90,49,93,43,96,37,92,118,65,118,72,118,80,120,87,123,93,124,100,125,108,126,115,127,122,127,129,127,137,129,144,130,151,130,158,130,158,124,157,118,160,118,167,122,172,126,177,127,184,127,190,129,196,131,203,135,208,139,214,145,213,149,208,100,158,104,156,109,157,113,156,115,152,118,147,122,144,127,143,127,147,122,150,119,153,118,158,116,163,114,167,109,169,107,174,108,179,113,179,118,180,118,185,116,189,112,191,114,196,116,200,118,205,121,209,123,214,126,218,122,221,117,222
453,58,143,59,138,58,134,57,129,55,125,54,121,52,117,48,113,47,109,45,105,48,102,53,100,57,101,62,101,67,101,71,99,76,99,80,98,85,98,89,100,94,100,99,101,103,103,106,106,110,109,114,112,117,115,120,118,122,123,124,127,124,132,124,137,121,140,117,143,114,147,111,150,107,152,102,153,98,154,97,158,32,75,29,78,28,83,25,86,23,91,24,95,27,98,31,98,35,96,38,92,41,88,44,85,47,82,49,78,49,73,76,172,70,169,64,166,58,163,52,161,46,159,39,158,33,155,29,150,29,144,30,137,34,132,38,127,39,121,36,116,30,117,32,111,37,107,42,109,46,114,47,120,49,126,49,133,46,138,48,144,52,67,59,68,66,71,72,74,79,75,87,76,94,75,100,78,107,80,113,82,118,88,120,94,124,101,124,108,119,112,115,106,113,100,108,94,103,90,97,86,91,82,84,81,77,80,70,79,62,80,59,86,54,91,48,94,42,97,37,92,117,64,118,71,119,79,122,86,124,93,126,100,126,108,126,115,128,123,128,130,128,138,129,145,130,153,130,159,130,159,124,157,119,160,118,167,121,172,125,177,127,183,127,189,129,196,131,202,134,208,137,213,143,213,148,209,100,158,105,156,110,157,114,155,116,150,119,146,124,144,129,143,127,147,123,150,119,153,118,158,116,163,112,166,107,169,105,173,110,177,114,176,119,179,118,183,115,188,112,191,114,195,117,200,119,204,121,209,124,213,127,217,122,219,117,221
454,55,142,57,138,56,133,55,128,54,124,53,119,50,115,47,111,45,107,42,103,41,99,44,96,49,96,54,96,59,96,63,96,68,94,72,95,77,95,82,96,87,97,91,98,96,100,100,101,104,104,108,107,111,110,115,114,117,118,118,122,120,127,119,132,118,136,115,140,113,144,109,147,105,150,101,152,96,152,95,156,31,75,29,79,27,83,24,87,23,91,24,96,27,99,32,99,35,96,38,92,40,88,43,84,46,82,49,78,49,73,76,169,70,167,64,164,58,161,52,158,46,157,39,156,33,153,29,149,26,143,26,136,29,130,33,125,35,119,33,114,28,112,30,107,36,104,42,106,44,112,46,118,48,124,46,130,43,136,45,141,52,67,59,68,65,71,71,74,78,75,85,76,92,76,99,78,105,81,112,82,116,88,119,94,121,100,122,107,119,112,115,107,111,101,107,96,103,91,97,87,91,83,85,82,78,81,71,79,64,79,60,84,55,89,49,93,43,95,37,91,117,65,118,72,119,80,120,87,123,94,124,101,125,108,126,115,127,123,128,130,128,137,129,145,130,152,130,159,130,159,124,158,120,162,119,168,123,173,126,178,127,184,128,190,129,196,131,202,134,208,138,212,143,212,148,208,100,158,104,155,109,155,112,153,114,148,118,145,122,143,126,143,123,147,119,149,118,154,116,158,114,163,111,166,108,171,105,174,109,177,113,178,117,181,116,186,114,190,112,194,115,198,118,202,121,206,123,211,126,215,127,218,123,220,118,222
455,55,141,56,136,56,132,55,127,54,123,51,119,50,114,47,111,44,107,43,103,42,98,47,97,51,96,56,95,61,94,65,92,70,92,74,91,79,91,83,91,88,93,92,95,96,97,100,99,104,103,107,106,111,109,114,112,116,116,117,121,117,126,118,130,117,135,116,139,112,143,109,146,105,149,101,151,97,152,95,156,31,75,28,79,26,83,24,87,23,92,23,96,27,99,32,99,35,97,37,92,40,89,43,85,46,81,49,78,49,73,76,169,70,167,64,164,58,161,52,158,45,157,39,156,33,153,28,149,26,143,25,136,28,130,32,125,35,119,32,113,27,111,31,105,37,103,42,106,44,112,46,118,47,125,45,131,42,137,45,141,52,67,59,69,65,71,72,73,78,75,85,76,92,76,98,78,104,81,111,83,115,89,118,95,120,101,121,108,117,111,113,105,109,100,105,95,100,90,95,85,90,81,83,81,76,81,69,79,63,80,58,85,53,90,47,94,41,96,37,91,118,66,118,73,119,80,121,87,123,94,124,102,125,109,126,116,127,123,128,130,128,137,129,145,130,152,131,161,131,161,125,160,121,164,121,170,124,175,126,181,127,187,128,192,130,198,131,204,135,209,139,214,144,213,148,208,99,159,102,155,106,154,110,151,113,147,116,143,120,141,125,143,123,145,118,146,116,150,114,155,113,159,112,164,109,168,107,172,105,176,109,179,113,181,117,184,116,188,114,193,114,197,117,201,119,205,122,209,125,213,127,217,124,220,119,222
456,55,141,57,137,56,133,55,128,54,124,52,120,50,116,48,112,45,108,44,104,45,99,49,97,53,97,58,96,62,94,66,92,71,91,75,90,80,90,84,91,89,92,93,94,97,96,101,99,103,102,107,105,110,109,112,113,114,117,116,121,117,126,117,130,116,135,114,139,112,143,109,146,105,149,101,151,97,153,96,157,31,75,28,79,26,83,24,87,23,92,24,96,27,99,32,99,35,97,37,92,40,89,43,85,46,82,49,78,49,73,76,169,70,167,64,164,58,161,52,159,45,157,39,156,33,153,28,149,26,143,26,136,28,130,33,125,35,119,33,114,28,111,31,106,37,104,42,107,44,113,47,119,47,125,45,131,42,136,45,141,52,67,59,69,65,70,72,73,78,75,85,75,92,75,98,78,104,81,111,83,114,89,116,95,119,102,121,108,117,111,113,106,109,100,105,95,101,90,95,86,90,81,83,81,76,81,69,80,63,81,58,85,53,90,47,94,41,97,37,91,117,66,118,73,118,81,120,88,121,95,123,102,125,109,126,116,127,124,128,131,128,138,129,145,130,153,131,162,131,162,125,161,121,166,121,171,124,176,127,182,127,188,129,193,130,199,132,205,135,210,139,214,145,212,148,207,99,160,102,156,106,154,110,152,113,147,116,144,121,143,125,145,121,148,116,149,114,153,113,158,113,163,111,167,108,171,105,175,104,180,108,181,112,183,117,185,118,189,116,193,114,198,117,201,119,205,122,209,125,214,127,218,124,221,119,223
457,55,141,57,137,56,133,55,128,54,124,52,120,51,116,48,112,46,108,45,104,47,100,51,98,55,97,59,95,63,93,67,91,72,90,76,89,81,89,85,90,89,92,93,94,97,96,100,99,104,102,107,105,110,109,113,112,115,116,116,121,116,125,116,130,116,134,115,139,112,142,109,146,106,148,102,151,98,153,96,157,31,75,28,79,27,83,24,87,23,91,24,96,27,99,31,99,35,95,38,92,40,88,43,84,46,82,49,78,49,73,76,169,70,168,64,165,58,162,52,159,46,157,40,156,33,154,29,149,26,143,27,137,29,131,33,126,36,120,34,114,28,113,30,107,36,104,41,107,44,113,47,118,47,125,46,131,43,137,46,142,52,67,59,69,65,71,72,73,79,75,85,76,92,76,99,78,105,81,111,84,114,90,117,96,120,103,121,109,117,112,113,106,109,101,106,95,101,90,96,86,90,82,83,81,76,81,69,80,63,81,58,86,53,91,47,94,41,97,37,91,117,66,118,73,120,80,121,88,122,95,124,102,125,109,126,116,127,124,128,131,128,138,129,145,130,153,131,162,131,162,125,161,120,165,120,171,123,176,126,181,127,187,129,193,130,199,131,205,135,210,140,214,145,212,149,207,100,160,103,156,107,155,111,152,113,147,116,144,121,143,125,144,122,147,118,148,114,151,113,156,114,161,111,165,108,168,107,173,105,177,105,182,109,183,114,184,117,187,118,192,116,196,115,200,118,204,120,209,123,212,126,216,124,220,119,222
458,56,142,57,138,57,133,56,129,54,124,52,120,52,116,49,112,46,109,46,104,46,100,50,98,54,97,59,96,63,94,67,93,71,90,76,90,80,90,85,90,89,92,93,93,97,95,101,98,104,101,107,105,110,108,112,112,114,117,115,121,116,126,116,130,116,135,115,139,112,142,109,146,105,148,102,151,98,154,96,158,31,75,28,79,27,83,24,87,23,91,24,95,27,99,31,98,35,96,37,92,40,88,43,85,47,82,49,78,49,73,76,170,70,168,64,165,58,162,52,160,46,158,39,156,33,153,28,149,26,143,27,137,29,131,33,126,36,120,34,114,28,113,30,107,36,105,42,108,44,114,47,119,47,125,47,132,43,137,46,142,52,67,59,69,65,71,72,73,79,75,85,76,92,76,99,78,105,81,111,84,114,90,117,96,120,103,121,110,117,112,113,106,109,101,105,95,100,90,95,85,89,81,82,81,75,81,69,79,62,80,58,86,53,91,47,94,41,97,37,91,117,66,118,73,118,81,120,88,122,95,124,102,125,109,126,116,127,124,128,131,128,138,129,145,130,153,131,163,131,163,126,161,122,165,120,171,123,176,126,181,127,187,128,193,130,199,131,205,135,210,139,214,144,212,148,207,100,161,102,157,107,156,110,153,112,148,115,145,120,143,124,145,121,147,117,149,114,153,113,157,113,162,110,166,108,170,106,175,104,179,105,183,110,183,115,185,117,189,117,194,114,198,116,202,118,206,121,210,125,214,127,218,124,221,119,222
459,56,141,57,137,57,132,56,128,53,124,52,119,51,115,48,111,46,108,48,103,51,100,55,98,60,97,63,94,67,92,71,90,75,89,80,88,84,87,89,88,93,89,97,91,100,94,103,98,106,101,108,105,111,108,113,113,115,117,116,121,116,126,117,130,117,135,115,139,112,142,109,146,105,147,102,150,98,153,96,157,32,75,29,79,27,83,24,87,22,91,23,96,26,99,31,99,35,96,37,92,40,89,43,85,47,82,49,78,49,73,76,169,70,167,63,165,57,162,51,159,45,157,38,156,32,153,28,148,26,142,27,135,30,129,35,124,37,118,33,114,27,113,31,107,37,105,41,108,45,113,47,119,48,125,47,132,43,137,46,142,52,67,59,68,65,71,71,73,78,75,85,75,92,75,98,77,104,80,111,82,115,87,117,94,120,100,122,106,118,109,113,104,110,98,105,93,100,88,95,84,89,81,82,81,75,80,69,79,62,81,58,86,53,91,47,95,41,97,37,92,118,66,118,73,119,81,121,88,122,95,124,102,125,109,126,116,127,124,128,131,128,138,129,145,130,153,132,163,132,163,126,162,121,165,120,171,123,176,126,181,127,187,128,193,130,199,131,205,135,210,139,214,145,211,149,207,99,161,102,157,106,155,110,152,112,148,116,145,121,144,123,147,118,148,115,151,114,156,114,160,113,165,111,169,107,173,105,177,104,182,108,183,113,184,117,186,117,191,115,196,115,200,118,204,120,208,123,212,126,216,128,220,124,223,119,224
460,56,141,57,137,56,132,56,128,54,124,53,120,53,115,53,111,53,106,56,102,59,100,63,97,66,94,69,91,73,88,76,86,81,85,85,84,89,83,94,84,98,86,102,87,105,90,108,93,111,97,113,101,114,105,116,109,117,114,117,118,117,123,116,127,115,131,114,136,112,139,108,143,105,145,102,149,100,152,97,156,32,75,29,79,26,82,23,86,21,90,22,95,26,98,30,98,35,96,37,92,40,88,43,84,46,82,49,78,49,73,76,168,70,167,64,164,58,161,52,158,45,157,39,156,33,153,28,148,27,141,28,135,31,129,35,124,36,118,31,115,27,111,31,107,37,104,42,108,45,114,47,119,48,126,46,132,43,137,46,142,52,66,59,68,65,71,71,73,78,75,85,75,91,75,98,75,103,79,110,77,116,81,119,87,121,93,123,99,119,104,114,100,111,94,106,90,100,86,95,82,88,81,81,81,74,80,68,78,62,80,58,86,53,90,47,94,41,97,38,92,120,66,117,73,119,80,123,87,124,94,124,102,125,109,126,117,127,124,128,132,128,140,130,147,130,154,131,162,131,162,125,161,121,165,120,171,123,175,126,181,127,187,128,193,130,198,131,204,134,209,138,214,144,213,148,208,98,159,101,156,105,153,109,151,112,147,115,143,119,141,123,144,120,146,116,149,113,152,114,157,113,162,111,166,109,170,106,174,104,178,107,181,111,182,115,185,116,190,115,195,114,199,118,203,121,206,122,211,125,215,127,219,124,222,119,223
461,58,142,59,138,58,134,57,130,56,125,55,121,56,117,58,113,59,109,62,106,66,104,69,100,72,97,75,95,79,93,83,92,87,90,91,89,95,89,100,90,103,92,107,94,110,97,113,101,115,104,118,108,120,111,120,116,119,120,119,124,120,129,118,132,117,136,114,139,111,143,109,146,106,150,103,152,99,154,98,158,32,75,29,78,26,82,23,86,21,90,21,95,25,98,30,99,34,96,36,92,39,89,42,85,46,82,48,78,49,73,75,170,69,168,63,165,57,162,51,159,44,157,38,156,32,152,28,147,28,140,30,134,34,129,38,123,37,117,30,116,26,113,29,107,35,105,41,108,44,113,48,119,49,126,49,132,45,138,47,143,50,66,57,68,63,71,70,73,76,75,83,76,90,76,97,75,103,78,110,76,116,78,121,84,123,90,123,97,121,103,115,101,114,94,109,89,103,87,97,84,91,82,84,81,77,80,70,79,63,79,59,85,55,91,49,93,43,97,38,92,119,65,118,72,119,80,122,87,124,94,124,101,125,109,126,116,127,124,128,131,128,139,129,146,130,154,132,163,132,163,126,161,121,164,118,170,121,176,126,180,127,187,128,193,130,199,131,206,135,211,140,214,146,211,150,206,99,160,102,157,106,155,110,153,110,148,114,145,118,143,122,143,119,147,115,149,114,154,114,158,112,162,109,167,108,171,105,175,104,180,106,183,111,183,115,185,116,190,115,195,115,199,117,203,120,208,122,211,125,215,126,219,122,221,118,223
462,58,143,59,138,58,134,57,130,56,126,54,121,54,117,52,113,50,109,48,105,47,100,49,97,54,97,59,97,63,96,67,94,72,93,76,93,81,91,85,92,89,94,94,95,98,97,102,100,105,103,109,106,112,109,114,114,117,117,118,122,118,126,119,131,119,135,117,140,114,143,110,146,107,150,104,153,99,154,97,158,32,75,29,79,26,83,23,86,21,91,22,95,25,99,30,99,34,96,36,92,39,88,42,84,46,81,49,78,49,73,76,169,69,168,63,165,57,162,51,160,45,158,38,156,32,153,28,148,29,141,30,134,35,129,38,124,38,117,32,116,27,114,29,108,35,106,41,109,45,113,48,119,49,125,48,132,45,138,48,143,52,67,59,68,65,71,71,73,78,74,85,75,92,76,99,76,105,78,112,77,117,81,121,87,123,94,124,100,121,107,117,102,114,96,109,91,103,88,97,84,91,81,84,81,78,80,71,79,64,79,59,84,55,89,49,93,43,96,38,91,118,65,117,72,119,79,122,86,124,93,125,101,125,108,126,116,127,123,128,130,128,138,129,145,130,153,131,162,131,162,125,160,120,164,119,170,121,175,126,179,128,185,129,192,130,198,131,204,134,210,139,214,144,211,149,207,100,161,103,157,107,156,111,154,113,150,116,146,120,144,124,144,121,147,117,151,116,155,115,160,114,165,111,169,109,173,106,177,105,182,108,184,112,183,117,185,117,190,116,194,115,199,118,203,120,207,122,211,124,216,127,219,123,222,119,224
463,59,143,60,138,59,134,57,130,56,125,54,121,53,116,51,112,48,108,45,104,44,100,47,96,52,95,56,95,61,93,65,91,69,89,74,88,79,88,83,89,87,91,91,94,95,97,99,100,102,103,106,106,109,109,112,113,114,117,116,122,117,126,118,131,118,135,116,139,114,144,110,147,106,149,102,150,97,152,97,157,32,75,29,79,27,83,24,86,22,90,23,94,26,97,31,98,34,95,37,91,40,88,43,84,47,81,49,78,49,73,76,170,70,168,64,166,58,163,52,161,46,159,40,157,34,155,29,150,29,144,31,138,34,133,38,127,39,121,34,117,30,116,32,110,38,108,44,110,46,115,48,121,50,127,49,133,46,139,48,144,52,66,59,68,65,71,71,74,78,75,85,76,92,75,98,77,105,78,112,78,117,83,120,89,122,96,123,103,120,108,115,104,112,98,108,92,103,88,97,85,91,82,84,81,77,80,70,79,64,80,59,84,54,89,49,94,42,96,38,91,118,65,117,72,118,79,121,86,124,93,125,100,125,108,126,115,126,122,127,130,128,137,128,144,130,152,130,160,130,160,124,158,120,162,117,168,121,173,126,178,127,184,128,190,129,197,131,203,134,208,138,213,144,213,148,208,99,159,103,156,107,155,111,152,113,148,116,144,121,142,123,145,120,148,117,152,116,156,115,161,113,165,110,169,108,173,107,178,107,182,111,181,115,183,116,187,114,192,114,196,116,200,119,204,120,209,122,213,124,217,127,220,123,222,118,224
464,60,142,61,138,59,134,57,129,56,125,54,121,54,117,54,112,53,108,55,104,56,100,60,97,63,95,66,91,70,89,74,87,78,85,83,85,88,85,92,86,96,88,100,91,103,94,106,97,108,101,110,105,112,109,113,113,115,117,116,122,117,126,117,131,118,135,115,139,112,142,110,146,106,148,102,150,98,153,97,157,32,75,30,79,27,82,24,86,22,90,23,94,27,97,31,98,35,95,37,91,40,88,43,84,47,82,48,77,49,73,76,171,70,169,64,166,59,163,53,161,46,160,40,158,34,156,30,152,30,145,31,139,35,134,38,129,39,122,36,118,31,116,34,111,38,108,44,112,47,116,49,122,50,128,49,134,46,139,49,144,52,66,59,68,65,71,71,73,78,75,85,75,91,75,98,76,104,78,111,78,116,82,119,89,121,95,123,101,119,106,115,102,112,96,107,92,102,87,96,84,89,82,83,81,76,80,69,79,62,80,59,85,54,90,48,93,42,97,38,92,119,65,116,72,116,79,120,85,123,92,124,99,124,107,125,114,125,122,126,129,127,136,128,144,129,151,130,159,130,159,124,157,119,161,118,167,121,172,126,177,127,183,127,190,129,196,131,202,134,208,138,213,144,213,148,208,99,159,102,155,107,154,110,151,112,146,116,143,118,139,121,140,121,145,117,148,116,153,114,158,112,162,110,167,108,171,106,175,105,180,109,181,114,181,116,186,115,190,113,195,117,198,118,203,121,207,122,212,124,216,127,220,123,222,118,224
465,60,144,61,140,59,135,59,131,57,127,55,123,54,118,53,114,53,109,55,105,57,101,62,100,66,99,70,97,74,95,78,93,83,92,87,92,92,93,96,93,100,95,104,98,107,101,110,104,113,107,116,111,118,115,121,118,122,123,122,127,124,131,124,136,121,139,118,142,114,146,111,149,107,151,103,152,99,154,98,158,32,75,30,79,27,83,24,87,22,91,24,95,27,98,31,98,35,95,37,91,41,87,44,84,48,81,48,77,49,72,76,172,70,171,64,167,59,163,53,160,46,159,40,159,33,156,29,151,29,145,31,139,35,133,39,128,40,121,36,118,31,118,33,111,38,109,44,112,47,117,50,122,50,128,50,135,46,140,49,144,51,66,58,68,64,71,71,74,78,75,86,76,93,75,99,77,106,79,113,79,118,84,121,90,124,97,124,104,120,110,116,106,114,99,109,93,104,89,98,86,92,82,85,81,78,80,71,79,64,79,59,85,55,90,49,94,43,97,38,92,119,65,117,72,117,79,120,86,123,93,124,100,125,107,126,115,126,122,126,129,127,137,128,144,130,151,130,158,130,158,124,156,119,160,117,167,120,172,125,175,127,182,127,189,129,195,130,202,133,207,137,213,143,214,148,209,99,157,104,156,109,155,112,153,115,149,118,145,122,142,126,143,124,147,120,150,118,154,116,159,114,163,110,166,106,170,106,175,108,179,113,179,116,182,116,187,113,190,113,194,116,198,117,203,120,207,121,212,124,216,126,219,122,221,117,222
466,56,141,57,136,56,132,56,128,54,124,53,119,50,115,47,112,43,109,41,105,40,100,44,97,48,95,53,94,57,93,62,91,66,89,71,89,75,90,80,91,84,93,89,94,93,97,97,99,101,102,104,105,108,108,111,111,113,115,115,119,117,124,117,129,116,133,114,138,112,142,109,146,105,148,101,150,96,151,94,155,31,75,29,79,26,83,23,87,21,91,22,95,26,98,31,98,35,96,37,92,41,88,44,84,47,81,49,77,49,72,75,169,69,167,63,164,57,162,51,159,44,157,38,156,32,154,27,149,26,143,27,136,30,131,35,126,37,120,33,115,27,115,30,109,35,106,41,108,44,114,47,119,48,126,46,132,43,137,46,142,53,67,60,68,66,70,72,73,79,75,86,75,93,75,99,76,105,78,112,78,117,82,121,88,123,95,124,101,120,107,115,103,112,97,108,92,102,88,97,84,91,81,84,81,78,80,71,79,64,79,59,83,54,88,49,93,43,95,38,91,119,65,118,72,119,80,122,86,124,94,124,101,125,108,126,116,127,123,127,131,127,138,129,145,130,153,130,158,130,158,124,157,120,162,121,168,124,173,126,179,127,185,128,191,129,197,131,204,134,209,139,213,144,214,148,209,97,155,100,151,104,149,109,148,114,146,116,141,119,138,124,139,121,143,118,147,115,150,114,155,113,160,110,164,108,169,105,173,106,177,111,177,115,179,115,184,115,189,113,193,115,198,118,202,121,206,122,211,124,215,127,219,123,221,118,223
467,56,140,57,136,55,131,55,127,54,122,52,118,50,114,46,111,43,107,42,103,42,98,46,97,50,95,55,93,59,92,64,92,68,90,73,90,77,90,82,92,86,94,90,96,94,98,99,100,102,103,105,106,110,108,113,112,114,116,116,121,116,125,116,130,116,134,113,138,111,142,108,146,104,149,100,149,95,150,94,154,31,75,28,79,25,83,22,86,20,91,21,95,25,98,30,98,34,96,37,92,41,89,43,85,47,81,49,77,49,72,75,169,69,167,63,164,57,161,51,159,44,156,38,155,32,153,27,149,26,142,27,136,29,130,34,125,36,119,31,116,26,114,29,108,35,106,41,108,44,114,47,119,47,125,46,132,42,137,46,141,53,67,60,68,66,71,72,73,79,74,86,75,92,75,99,76,105,78,111,76,117,80,121,85,123,91,124,98,121,104,116,101,112,96,108,90,103,87,97,84,91,81,84,81,78,79,71,78,64,79,60,83,55,88,50,92,44,95,38,91,118,65,117,72,120,79,123,86,124,93,124,101,125,108,126,116,127,123,128,131,128,138,129,145,130,153,129,157,129,157,124,157,120,162,121,168,125,173,126,179,127,185,128,191,129,198,131,204,134,209,138,214,144,213,148,208,97,155,100,151,104,148,109,146,113,143,116,140,121,140,122,143,117,144,114,147,112,152,112,157,109,161,106,164,104,169,103,174,107,176,112,176,116,179,117,184,114,187,113,191,115,196,116,200,118,205,121,209,123,213,126,217,123,221,118,222
468,56,142,58,138,57,133,56,129,55,124,54,120,52,116,50,112,47,108,45,104,44,99,48,97,52,96,57,95,62,95,66,95,70,93,75,93,80,94,84,94,89,96,93,97,97,99,102,101,105,104,109,107,113,109,116,112,118,117,119,121,120,126,119,130,118,135,116,139,113,143,110,146,107,149,102,151,98,152,96,156,32,75,29,79,26,83,23,86,20,90,22,94,25,98,29,98,34,96,37,93,40,89,43,85,46,82,49,78,49,73,75,169,69,167,62,164,56,161,50,159,43,157,37,155,31,153,26,148,27,141,29,135,33,129,37,124,38,118,33,115,26,116,28,110,33,107,40,108,45,113,47,119,49,125,47,131,44,137,47,142,52,67,59,68,65,71,72,74,79,75,86,76,93,75,99,77,106,79,112,79,118,84,121,90,123,97,124,103,120,109,116,105,113,98,109,93,103,89,97,85,92,81,85,81,78,80,71,79,64,79,59,84,54,89,49,94,43,96,37,92,117,65,118,72,120,79,122,86,123,94,124,101,125,108,126,115,127,123,128,130,128,137,129,145,130,152,130,158,130,158,124,157,119,161,119,168,123,173,127,178,127,184,127,191,129,197,131,203,135,208,138,213,144,213,148,208,99,157,103,154,107,153,111,151,114,147,117,143,122,142,125,144,121,147,118,149,115,154,114,158,113,163,109,166,107,170,106,174,109,177,113,179,117,182,117,187,113,190,113,194,116,198,117,202,119,206,122,210,124,214,127,218,122,220,118,222
469,56,141,57,136,55,132,55,127,53,122,51,118,49,114,44,111,41,108,38,104,37,99,41,97,46,95,50,94,55,93,60,92,64,90,69,89,74,90,79,91,83,93,87,95,91,98,96,100,100,103,103,106,108,107,112,110,115,114,117,119,118,124,118,129,118,133,115,138,113,142,110,146,106,149,102,150,97,151,94,154,31,75,28,79,25,83,21,86,19,91,22,95,26,98,31,98,35,96,37,92,41,88,44,84,47,81,50,77,49,72,75,168,69,167,62,164,56,161,50,159,44,156,38,155,31,153,27,148,26,142,27,135,30,130,35,125,37,119,32,115,26,115,28,108,34,106,40,108,44,113,47,119,48,125,47,131,43,137,46,141,53,67,60,68,66,71,73,73,79,75,86,76,93,75,99,76,105,77,112,77,118,81,121,87,124,94,124,100,121,106,116,104,113,97,109,92,103,88,98,84,92,81,85,81,78,80,71,78,65,78,60,83,55,88,49,92,44,95,38,92,118,64,117,71,120,79,123,86,125,93,125,101,125,108,126,116,128,123,128,131,128,138,129,146,130,154,130,158,130,158,124,157,119,161,119,167,122,172,126,177,127,183,127,189,129,195,131,201,134,207,137,212,143,212,148,208,98,157,102,154,106,153,111,151,113,147,116,143,121,141,125,143,122,145,117,148,115,152,114,157,113,161,110,166,108,170,105,174,105,178,110,179,115,181,117,185,114,190,113,194,115,198,118,202,120,207,122,211,124,215,127,219,123,222,118,223
470,59,143,60,138,59,134,57,129,56,125,54,120,52,116,49,112,46,108,44,104,44,100,48,97,53,97,57,97,62,96,66,94,71,93,76,93,81,93,85,94,89,97,94,98,98,101,102,103,106,107,110,109,113,112,116,116,119,120,120,125,122,129,122,134,120,138,116,142,113,145,110,149,106,151,101,151,96,152,96,156,32,75,29,78,26,82,24,86,22,90,23,95,27,97,31,97,35,95,38,91,41,87,43,84,47,81,49,77,49,72,76,171,70,169,64,167,58,164,53,161,46,159,40,158,34,156,29,153,27,147,29,140,32,135,35,129,38,124,37,118,30,118,32,112,37,109,43,111,45,117,49,122,49,128,48,134,45,140,48,144,52,67,59,68,65,71,72,74,79,75,86,76,93,75,99,78,106,79,113,79,118,85,121,91,124,98,124,105,121,111,116,107,113,100,109,94,104,89,98,86,92,82,85,81,78,80,71,79,64,79,60,84,55,89,49,93,43,96,37,92,117,64,117,71,118,79,121,86,123,93,124,100,125,107,125,115,126,122,127,129,127,137,129,144,130,151,129,157,129,157,123,156,118,160,118,166,122,171,126,176,127,182,127,188,129,195,131,201,134,207,137,212,143,212,148,208,99,156,103,154,108,153,112,150,115,146,118,142,121,139,126,137,124,142,121,145,119,150,116,154,114,158,110,162,108,166,106,170,109,174,113,177,117,180,116,185,113,188,112,193,115,196,118,201,120,205,122,210,124,214,127,218,123,220,118,222
471,62,143,62,138,60,134,58,130,56,126,55,121,56,117,55,113,55,109,55,104,58,100,62,98,65,95,68,92,73,90,77,88,81,87,86,87,90,88,95,88,98,91,102,94,105,97,108,101,110,105,113,108,115,113,117,117,119,121,119,126,121,130,122,135,120,139,117,142,114,145,111,149,107,151,102,152,98,154,98,158,32,75,30,79,27,83,25,87,23,91,24,95,27,98,32,97,36,95,39,91,41,87,44,83,47,81,49,77,49,72,76,172,70,171,65,168,59,164,54,161,48,159,41,159,35,158,30,153,28,148,31,142,33,136,37,131,40,126,40,120,33,119,34,114,38,109,44,112,47,116,49,122,50,128,51,134,47,139,49,144,52,66,59,68,65,71,71,73,78,74,85,75,92,75,99,77,105,78,112,79,117,84,120,90,123,97,124,103,120,108,115,104,113,98,108,93,102,89,97,85,90,82,84,81,77,79,70,79,63,79,59,85,54,90,48,93,42,97,38,92,118,65,117,72,117,80,120,86,123,93,124,100,124,107,125,115,126,122,127,129,127,137,129,144,130,151,129,157,129,157,123,156,118,160,118,167,122,171,126,176,127,183,127,189,129,195,131,202,134,207,138,213,144,214,148,209,99,156,103,153,108,154,112,151,114,146,117,142,121,139,125,137,124,142,121,145,118,150,116,154,115,159,112,163,109,167,105,171,107,175,112,177,116,179,115,184,113,188,113,193,115,197,118,201,120,206,122,210,124,215,127,218,123,221,118,223
472,60,143,61,139,60,135,58,130,56,126,55,122,56,118,57,114,58,110,60,106,61,102,64,99,69,98,72,96,76,94,80,92,85,91,89,92,93,92,98,91,101,94,105,96,109,99,111,103,114,106,117,109,118,113,121,117,121,122,121,126,122,130,122,135,119,138,116,141,113,144,111,148,107,151,103,152,99,154,98,158,32,75,30,79,27,83,24,86,23,91,23,95,27,98,31,98,35,95,38,92,40,88,43,84,47,81,48,77,49,72,75,172,69,171,64,167,59,163,53,160,47,159,41,159,35,157,31,152,29,146,31,140,34,135,39,130,40,124,39,119,32,119,34,113,38,109,44,111,47,117,50,122,50,128,50,134,47,139,49,144,51,66,58,68,64,71,71,73,78,75,84,76,91,75,98,76,105,78,111,77,117,81,121,87,123,94,123,101,121,107,116,103,114,97,109,92,103,89,97,85,91,82,84,81,78,80,71,79,64,79,59,85,55,89,48,93,43,97,38,92,118,65,117,72,118,80,121,86,123,93,124,101,125,108,126,115,127,123,127,130,127,137,129,145,130,152,130,159,130,159,124,157,118,160,118,167,121,172,125,176,126,183,128,189,129,196,131,202,134,208,138,213,144,213,148,208,99,157,104,156,108,155,112,152,115,148,118,145,122,142,127,143,125,147,121,150,118,153,116,158,115,163,111,165,108,169,106,173,108,177,113,178,117,181,117,186,114,190,113,194,116,198,117,202,119,206,122,211,125,215,127,219,123,221,118,222
473,59,143,59,138,58,134,57,129,54,125,54,120,52,115,48,112,45,108,43,104,41,99,45,97,50,97,55,97,60,97,65,97,69,95,74,94,79,95,84,96,88,97,93,98,97,101,102,102,106,105,109,108,113,111,116,115,119,119,121,124,122,129,123,133,121,138,118,142,115,146,111,148,107,151,102,152,97,152,96,156,32,75,29,79,27,83,25,86,23,90,24,95,27,98,31,97,35,95,37,91,40,88,43,84,46,82,48,77,49,73,76,171,70,169,64,166,59,163,53,161,46,160,40,159,34,156,30,151,29,145,30,139,33,134,37,128,38,122,36,117,31,117,33,111,38,108,43,111,46,116,49,121,50,127,50,134,46,139,48,144,52,67,59,68,65,71,72,74,79,75,86,76,93,75,100,77,107,79,113,79,118,85,121,91,124,98,124,105,121,111,116,106,113,100,109,94,104,89,98,87,92,83,85,82,78,80,71,79,64,79,59,84,54,89,48,93,42,95,37,91,118,65,118,72,118,80,121,87,123,93,124,101,125,108,126,115,127,123,127,130,128,137,129,145,130,152,129,157,129,157,123,156,119,161,119,167,122,172,126,177,127,183,127,189,129,195,131,201,134,207,138,212,144,213,148,208,99,157,103,154,108,154,112,152,115,148,117,144,121,141,126,142,124,146,120,149,118,153,115,157,114,162,111,166,108,169,105,173,108,177,113,178,117,181,117,186,114,189,113,193,115,197,117,202,119,206,122,210,124,214,127,218,123,221,118,222
474,57,142,58,137,57,133,56,128,55,123,53,119,51,114,48,110,44,107,41,103,39,99,41,95,46,95,51,95,56,95,61,95,66,95,71,94,76,94,80,96,85,97,90,99,95,100,99,102,103,105,107,107,111,111,115,114,117,118,118,123,119,128,120,133,118,137,115,141,112,145,108,148,104,151,99,151,95,150,94,154,32,75,29,78,28,83,25,86,23,90,23,95,26,98,31,98,34,95,38,92,41,88,43,84,46,81,49,78,49,73,76,170,70,168,64,165,58,162,52,160,46,158,40,157,34,155,29,151,27,145,27,138,30,132,34,128,37,122,36,116,30,115,31,108,37,106,42,109,45,115,48,120,48,127,47,133,44,138,47,143,52,67,59,68,65,70,72,73,78,75,85,76,92,75,98,76,105,78,111,77,117,80,121,86,122,92,123,99,121,106,116,104,113,98,109,92,103,88,97,85,91,82,84,81,78,80,71,78,64,78,60,84,55,88,49,92,43,94,37,91,117,64,118,71,119,78,121,85,124,92,124,99,124,107,126,114,127,121,127,128,127,136,128,143,129,150,129,156,129,156,123,155,118,159,118,166,122,171,126,175,126,182,128,189,129,195,131,201,134,207,138,212,144,214,148,209,98,155,102,152,106,150,110,148,113,144,117,140,121,138,125,140,122,142,118,145,116,149,114,154,112,159,109,163,106,167,103,171,104,175,109,176,114,179,116,183,114,187,113,192,114,197,117,202,119,206,122,210,124,215,127,218,123,221,118,223
475,58,143,59,139,58,134,57,130,56,125,54,122,53,117,51,113,48,110,50,106,52,102,56,100,61,100,65,100,70,100,74,99,78,99,83,98,87,98,92,98,96,98,101,100,105,102,108,105,111,108,114,111,118,115,121,118,122,122,123,127,123,131,123,136,120,139,117,142,114,146,111,149,107,150,102,151,98,153,97,157,32,75,30,79,27,83,25,87,23,91,24,95,27,98,32,98,35,95,38,91,41,88,44,84,47,81,48,77,49,72,76,172,70,171,64,168,59,164,53,160,47,159,40,159,34,157,30,152,29,146,31,140,34,134,39,129,41,123,38,118,32,118,34,112,38,108,44,111,47,116,49,121,50,127,50,134,47,139,49,144,51,66,58,68,65,71,72,73,79,75,86,76,93,75,100,77,107,78,114,80,118,86,121,93,124,99,125,107,122,113,117,109,114,102,110,96,106,90,99,88,94,83,87,82,80,80,72,79,65,79,60,84,55,89,49,93,43,96,37,92,118,65,117,72,118,79,120,86,123,93,124,100,125,108,125,115,126,122,127,129,127,137,129,144,130,151,129,156,129,156,123,155,118,160,119,166,123,172,126,177,128,183,128,190,129,196,131,203,135,208,139,213,145,213,149,208,100,157,105,155,110,156,113,153,115,148,119,145,124,142,128,144,125,147,120,149,118,153,117,158,114,163,111,166,108,170,105,174,110,176,115,177,119,179,117,184,114,188,111,191,114,195,116,199,118,204,121,208,123,213,127,217,123,220,118,221
476,58,142,59,138,58,133,56,129,56,125,54,121,53,117,52,113,54,109,56,105,57,102,61,99,65,100,69,99,74,98,78,96,82,95,86,95,90,93,95,94,99,96,102,99,106,101,109,104,112,108,115,111,118,114,120,118,121,122,122,127,122,131,121,135,118,139,115,142,113,145,110,149,106,151,102,152,98,154,97,158,32,75,30,79,27,83,25,87,23,91,24,95,27,98,32,97,35,95,38,91,41,87,43,84,47,81,48,77,49,72,76,171,70,169,64,166,59,163,53,160,47,159,40,159,34,156,30,151,29,145,31,139,34,133,39,129,41,123,38,118,32,118,33,112,37,108,43,111,46,116,49,121,50,128,49,134,46,139,49,144,51,67,58,68,65,71,72,74,79,75,87,76,94,75,100,78,107,79,114,80,118,86,120,93,124,99,125,106,122,113,117,110,114,103,110,97,106,90,100,88,94,83,87,82,80,80,73,79,65,79,60,83,55,89,49,92,43,96,37,92,118,65,117,72,118,79,121,86,123,93,124,100,125,108,125,115,126,122,127,129,127,137,129,144,130,151,129,158,129,158,123,156,118,160,118,166,122,171,126,176,127,182,127,189,129,195,131,201,134,207,138,213,143,214,148,209,100,158,105,157,110,158,113,154,115,150,119,146,123,144,128,143,127,147,122,149,119,153,118,158,115,163,111,166,109,170,106,174,110,177,115,178,118,181,116,186,114,189,111,191,114,196,117,200,119,205,121,209,124,214,127,217,123,220,118,222
477,58,143,59,139,58,134,57,130,56,126,54,121,53,117,51,114,50,110,51,105,53,102,57,99,61,99,65,100,70,100,74,99,79,98,83,98,88,98,92,97,97,98,101,100,104,103,108,105,111,108,114,111,118,115,121,118,122,122,123,127,123,131,123,136,120,140,117,143,114,146,111,149,106,151,102,152,98,154,97,158,32,75,30,79,27,83,25,87,23,91,24,95,27,98,32,98,35,94,38,91,41,87,44,84,48,81,48,76,49,72,76,172,70,170,64,167,59,163,53,160,47,159,41,158,35,156,30,152,28,146,30,139,33,134,37,129,39,123,38,118,32,117,34,111,39,108,44,111,47,116,50,121,50,128,49,134,46,139,49,144,51,67,58,68,65,71,71,73,78,75,85,76,92,75,98,77,105,80,112,81,116,86,119,93,123,99,123,106,120,111,116,107,113,100,108,95,103,90,97,86,91,82,84,81,77,81,70,79,63,79,59,85,54,90,48,93,42,97,37,92,118,65,118,72,119,80,122,87,124,94,126,101,126,109,126,116,128,123,128,131,128,138,129,145,131,153,130,159,130,159,124,158,119,162,118,168,122,173,126,177,127,183,128,190,130,196,131,202,134,208,138,212,144,212,149,208,101,160,105,158,110,159,113,156,114,151,118,147,122,145,127,144,126,148,122,151,119,154,119,159,117,164,113,167,109,169,106,174,109,176,114,179,118,181,117,186,114,189,112,193,115,197,118,201,119,206,123,210,125,214,127,217,123,220,118,222
478,58,144,59,139,58,135,57,131,55,127,54,122,53,118,50,115,47,111,45,106,46,102,50,100,55,99,59,100,64,99,68,97,73,97,77,96,82,96,86,97,91,98,95,99,100,101,103,104,107,106,111,110,114,113,117,117,119,121,120,125,121,130,121,135,120,139,117,143,113,146,111,149,106,152,103,154,98,155,97,158,32,75,29,79,27,83,25,87,23,91,23,96,27,98,31,98,35,96,38,92,41,88,43,85,47,82,49,78,49,73,76,171,70,169,64,166,58,163,52,161,45,159,39,157,33,155,28,150,29,143,30,137,34,132,39,127,39,120,35,116,29,117,31,111,36,107,42,109,46,114,47,120,49,126,49,133,46,138,48,144,51,67,58,68,65,71,72,74,79,75,86,76,93,75,100,79,106,82,112,84,116,90,119,97,122,103,123,110,120,115,115,109,112,102,109,96,104,91,98,87,92,83,84,82,77,80,70,79,63,80,58,85,54,91,48,95,41,97,37,91,117,66,118,73,119,81,121,88,123,95,125,102,125,110,126,117,127,124,128,132,128,139,129,146,130,154,131,162,131,162,125,160,121,164,119,170,122,175,126,179,127,186,128,192,130,198,131,204,135,209,139,214,145,213,149,208,101,160,104,157,109,158,112,156,114,151,117,147,121,145,126,144,126,148,122,149,118,152,117,157,116,162,113,166,109,168,107,173,107,177,111,179,116,180,117,184,116,189,112,192,114,197,117,200,119,205,122,209,125,213,127,217,123,220,118,221
479,56,142,58,138,57,134,56,129,55,125,54,120,52,116,49,113,47,109,45,104,45,100,49,99,53,97,58,97,62,96,66,94,71,94,75,93,80,93,85,94,89,94,93,96,98,97,102,100,105,103,108,106,111,110,113,114,115,118,117,122,118,127,118,131,117,136,115,140,113,144,110,147,106,150,102,152,98,154,96,158,31,75,28,79,26,83,24,87,22,91,23,96,26,99,31,99,35,96,38,92,41,89,43,84,46,82,49,78,49,73,76,170,70,169,64,166,58,162,52,159,46,158,39,157,33,154,29,149,27,143,27,137,30,131,34,127,36,120,34,114,28,114,30,109,35,105,41,107,45,112,46,118,48,124,47,131,44,137,46,142,52,67,59,69,65,71,72,73,79,75,86,76,92,75,99,78,105,81,111,84,115,89,118,96,120,102,121,109,117,112,113,107,110,101,106,95,101,90,96,86,90,82,83,81,76,81,70,80,63,80,59,85,54,90,48,94,42,96,37,91,117,66,118,73,119,80,121,88,123,95,124,102,125,109,126,116,127,124,128,131,128,138,129,145,130,153,131,161,131,161,126,160,122,165,122,171,125,176,126,182,128,188,130,194,130,200,132,206,135,211,140,214,145,212,149,207,101,162,103,158,107,156,111,155,113,151,115,146,120,145,125,146,125,149,120,149,115,152,115,157,115,162,113,166,110,169,108,174,105,178,104,182,109,182,114,184,117,187,117,192,114,196,116,201,118,205,121,209,124,213,127,217,124,220,119,222
480,56,142,58,138,57,134,56,129,54,125,53,121,52,116,49,113,47,109,45,104,46,100,50,99,54,97,59,96,63,95,67,93,71,91,76,90,80,90,85,91,89,92,93,94,97,96,101,99,104,102,107,105,110,109,112,113,114,117,116,121,116,126,116,131,116,135,115,139,112,143,109,147,106,149,102,152,98,154,96,158,31,75,28,79,27,83,24,87,23,91,24,96,27,99,31,99,35,95,38,92,40,88,43,84,46,82,49,78,49,73,76,170,70,168,64,165,58,162,52,159,45,158,39,157,33,154,28,149,27,143,27,136,30,130,35,125,36,119,33,114,28,112,32,106,38,104,42,108,45,113,47,119,47,125,47,132,43,137,46,142,52,67,59,69,65,71,72,73,79,75,85,75,92,75,98,79,105,81,111,84,114,91,117,97,120,103,121,110,117,112,113,106,109,100,105,94,100,90,95,85,89,81,83,81,76,81,69,79,62,80,58,85,53,90,47,94,41,97,37,91,117,66,118,73,119,80,121,87,122,95,124,102,125,109,126,116,127,124,128,131,128,138,129,145,130,153,130,161,130,161,125,162,122,167,122,173,126,177,127,183,128,188,129,194,130,200,132,205,135,210,139,214,144,213,148,208,100,161,103,157,107,155,111,153,112,148,115,144,120,143,125,144,124,147,119,147,115,150,114,154,114,159,113,164,109,167,108,172,105,176,105,180,109,182,113,184,117,187,117,192,115,196,115,200,118,205,121,208,124,212,126,217,124,220,119,222
481,56,142,58,138,57,134,56,129,54,125,53,121,52,116,49,113,46,109,46,104,47,100,51,98,55,96,59,96,64,94,68,92,72,90,76,89,81,89,85,90,90,91,94,93,98,96,101,98,104,102,107,105,110,109,112,113,114,117,115,122,116,126,116,131,116,135,115,140,112,143,109,146,105,148,102,152,98,154,96,158,31,75,28,79,27,83,24,87,23,91,23,96,27,99,31,99,35,96,38,92,40,88,43,84,46,81,49,78,49,73,76,170,70,168,64,165,58,162,52,159,45,158,39,157,33,154,28,149,27,143,27,136,30,130,35,125,36,119,33,114,28,112,31,106,37,103,42,108,45,113,47,119,48,125,47,132,43,137,46,142,52,67,59,69,65,71,72,73,79,75,85,75,92,75,98,78,104,81,111,84,113,90,117,96,119,102,121,109,117,112,114,107,110,101,105,95,101,90,96,86,90,82,83,81,76,81,69,80,63,81,58,86,53,91,47,94,41,97,37,91,118,66,118,73,119,81,121,88,123,95,124,102,125,109,126,117,127,124,128,132,128,139,129,146,130,154,131,162,131,162,125,161,121,166,121,172,124,176,127,182,127,188,129,194,130,200,132,206,135,211,140,214,145,212,149,207,100,161,103,157,108,156,111,153,113,148,116,145,121,144,125,144,124,148,119,148,115,151,114,156,114,161,113,165,109,168,108,173,105,177,106,181,111,183,115,184,118,188,118,193,115,197,116,201,119,205,121,210,124,213,127,217,124,221,119,222
482,57,141,58,137,57,132,56,128,54,124,53,119,52,115,49,112,47,108,48,103,52,100,55,98,60,97,64,95,68,93,72,91,76,89,80,88,85,87,89,88,93,89,97,91,100,94,104,98,107,101,109,104,111,108,113,113,115,117,116,121,116,126,117,130,117,134,116,139,114,143,110,145,106,148,103,150,99,153,97,157,32,75,29,79,27,83,24,87,22,91,23,96,26,99,31,99,34,96,37,92,40,89,43,85,46,82,49,78,49,73,76,169,70,168,64,165,58,161,52,159,45,158,39,156,33,153,28,149,27,142,27,136,31,130,35,125,37,118,33,114,27,113,30,108,35,104,41,106,45,112,46,118,48,124,47,131,44,136,46,142,52,66,58,68,65,71,71,73,78,75,85,75,92,75,98,76,104,80,110,82,114,88,117,94,119,100,121,107,118,110,113,105,110,99,105,94,100,89,95,85,90,81,83,81,76,80,69,80,62,81,58,86,53,91,47,94,41,97,37,91,118,66,118,73,119,81,121,88,122,95,124,102,125,109,126,116,127,124,128,131,128,138,129,145,130,153,131,163,131,163,126,161,121,165,120,171,123,175,126,180,127,186,128,192,130,198,131,204,134,209,138,214,144,212,148,208,100,161,103,158,107,156,111,154,112,149,115,146,120,145,124,146,120,148,116,150,114,154,115,159,114,163,112,167,109,172,107,176,106,180,107,183,111,183,116,184,116,189,115,194,115,198,117,202,120,206,122,210,124,214,127,218,123,221,119,223
483,57,141,58,137,57,132,55,128,54,124,53,119,52,115,50,111,50,106,53,104,57,100,60,98,64,96,68,93,72,91,76,89,80,87,84,86,89,85,93,85,97,87,101,90,104,93,107,97,110,101,112,105,113,109,115,113,117,117,117,122,117,126,117,131,118,135,116,139,113,143,110,145,105,146,102,150,99,153,97,157,32,75,30,79,27,83,24,87,22,91,23,95,27,98,31,99,35,96,37,92,40,88,43,84,46,81,49,78,49,73,76,169,70,168,64,165,58,162,52,159,45,157,39,156,33,153,29,148,27,142,28,136,32,130,35,124,37,118,32,114,27,113,31,107,36,105,42,107,45,113,47,119,49,124,47,131,44,137,46,142,52,67,58,70,65,71,72,73,79,75,85,76,92,75,99,77,105,79,111,81,116,86,118,92,122,98,123,105,118,108,114,103,111,97,106,93,101,88,95,84,89,82,82,81,75,80,68,79,62,80,58,86,53,91,47,95,41,98,38,92,118,66,118,73,119,81,121,88,122,95,123,102,125,109,126,117,127,124,128,132,128,139,129,146,130,154,131,163,131,163,125,161,120,164,119,170,122,175,126,180,127,186,127,192,130,197,131,204,134,209,138,214,144,213,148,208,100,161,103,157,106,155,111,153,113,149,115,145,120,144,124,145,120,147,117,150,114,154,115,159,114,163,111,167,109,171,107,175,105,179,106,183,110,183,115,185,116,189,115,194,115,199,117,203,120,206,122,211,124,215,127,218,123,221,119,223
484,57,141,58,137,57,132,57,128,55,124,53,120,53,115,52,111,53,107,55,103,59,101,63,98,66,95,70,93,73,90,76,87,81,85,85,84,90,84,94,84,98,85,102,87,106,90,109,93,111,97,114,101,115,105,117,109,118,114,118,118,118,123,117,127,117,132,116,136,113,140,110,143,106,145,102,148,99,151,97,155,32,75,30,79,26,83,24,87,22,91,22,95,26,98,30,99,34,96,37,92,40,89,43,85,47,82,49,78,49,73,76,168,70,166,63,163,57,161,51,159,44,157,38,155,32,153,28,147,27,141,29,134,33,129,36,123,36,116,30,115,28,112,31,106,38,105,43,109,45,114,48,119,48,125,48,132,44,137,47,142,52,66,59,68,65,71,71,73,78,75,84,75,91,75,98,75,103,79,109,77,115,80,119,86,121,93,123,99,119,104,114,101,112,94,106,90,101,86,95,83,89,81,82,81,75,80,69,78,62,80,58,85,54,90,48,94,42,97,38,92,119,66,118,73,119,81,122,87,124,94,125,102,126,109,126,117,126,124,128,132,128,139,129,146,130,154,131,163,131,163,125,161,120,165,118,171,122,176,126,180,127,186,128,193,130,198,131,205,135,210,139,214,145,212,149,207,98,158,101,155,106,152,110,150,112,146,115,143,120,142,123,144,120,147,116,149,113,153,114,158,113,162,110,166,108,170,106,175,105,179,109,180,112,183,116,186,116,191,115,196,116,200,119,204,121,208,123,213,126,216,128,220,124,223,119,224
485,57,140,58,136,57,132,57,127,55,123,54,119,55,115,57,111,58,107,61,103,64,100,68,97,71,94,73,91,76,88,80,85,85,85,89,84,93,84,98,84,102,86,105,89,109,91,112,94,113,98,116,102,118,106,118,110,118,115,117,119,117,123,117,128,115,132,113,136,110,139,108,143,105,147,102,149,99,152,97,156,32,75,29,79,26,83,23,86,21,90,22,95,25,99,30,99,34,96,37,93,40,89,42,85,46,82,49,78,49,73,75,169,69,167,63,164,57,161,50,158,44,157,37,155,32,152,29,146,28,139,30,133,34,128,37,122,36,116,29,115,26,112,29,106,35,105,41,107,45,112,47,118,49,124,48,130,45,136,47,142,51,66,57,68,64,70,70,72,77,75,83,75,90,75,97,75,103,78,108,75,115,77,119,82,121,88,124,94,120,100,115,99,113,93,107,89,101,86,95,82,89,81,82,81,75,80,69,78,62,80,59,85,54,90,48,94,43,97,38,92,119,65,118,72,120,80,122,87,124,94,125,101,125,109,127,116,128,124,128,131,128,139,129,146,130,154,131,164,131,164,126,161,121,164,119,170,121,175,125,179,127,185,127,192,129,198,131,203,134,209,138,214,144,213,148,208,99,159,101,155,105,153,109,151,111,147,114,143,119,142,120,145,117,148,113,151,113,156,113,161,110,165,108,169,105,172,103,177,104,181,109,181,113,183,116,187,115,191,114,196,116,200,118,204,121,207,122,212,125,215,126,219,122,221,118,223
486,59,143,60,139,60,134,57,131,56,127,56,122,57,118,60,116,62,112,65,108,68,105,70,102,74,99,77,97,82,95,85,93,90,91,94,91,98,90,102,91,105,94,109,96,113,99,115,102,118,106,120,110,122,114,122,118,121,122,121,127,121,131,118,135,116,138,113,141,110,145,109,149,106,152,103,155,99,157,100,161,32,75,29,78,26,82,23,86,21,90,22,95,25,99,29,99,34,96,37,93,39,89,42,84,45,82,48,78,49,73,75,171,69,168,63,165,56,162,50,159,43,158,37,156,31,152,29,146,30,139,32,132,37,128,40,122,37,116,31,117,26,115,28,108,35,106,41,108,45,113,48,119,50,126,50,132,46,138,48,144,50,66,57,68,63,71,70,73,77,75,84,76,91,76,98,76,105,78,111,76,118,78,121,84,123,91,124,98,122,105,117,102,114,96,109,91,103,88,97,84,91,82,84,81,77,80,70,79,63,79,59,85,55,90,49,93,42,97,37,92,118,65,117,72,120,79,122,86,124,94,125,101,125,108,126,116,128,123,128,131,128,138,129,145,130,153,132,163,132,163,126,161,121,164,119,170,121,175,126,179,128,185,129,191,130,197,130,204,133,209,138,213,144,211,149,207,100,161,103,157,108,156,111,153,113,149,116,145,120,143,124,145,120,148,117,151,116,156,116,161,114,165,111,169,108,173,106,177,104,181,108,183,113,183,116,186,117,191,115,195,115,200,119,204,121,208,123,212,126,216,128,220,124,223,119,224
487,59,144,60,139,60,135,58,130,57,126,55,121,54,116,52,112,51,108,48,104,46,99,46,95,51,95,56,96,61,96,65,93,69,92,74,92,79,91,84,91,88,93,93,95,96,98,100,100,105,103,108,106,111,110,114,114,116,118,118,122,118,127,118,132,119,136,118,141,114,144,110,146,106,149,104,154,100,156,99,160,32,75,29,78,26,83,23,86,21,90,22,95,26,98,30,99,34,97,37,92,40,89,43,85,46,82,49,78,49,73,76,170,70,169,64,165,58,162,52,159,45,158,38,157,33,154,28,149,29,142,30,136,34,130,39,126,39,119,35,115,28,116,29,110,34,106,40,108,45,112,47,119,50,125,49,131,46,137,48,143,52,66,59,68,65,71,71,73,78,75,85,76,91,75,98,76,104,78,111,77,117,81,121,86,123,92,124,99,122,105,116,102,113,96,108,91,103,88,97,84,92,81,85,81,78,80,71,79,64,79,59,83,55,89,49,93,43,95,38,91,119,65,118,72,119,80,122,87,124,94,125,101,126,109,126,116,127,124,128,131,128,139,129,146,130,154,132,163,132,163,126,161,120,164,118,170,120,175,125,179,128,185,129,191,130,198,131,204,134,210,138,214,144,211,149,207,100,161,104,158,108,157,111,153,112,149,116,146,120,143,123,145,119,148,117,152,116,157,115,162,113,166,110,170,108,174,105,178,104,183,108,184,113,183,116,187,117,192,114,195,116,200,118,204,121,208,122,212,125,216,127,220,123,223,118,224
488,60,143,61,139,61,134,58,130,57,126,55,121,54,117,52,113,49,109,48,105,47,100,48,96,53,95,58,95,62,93,66,91,71,90,76,90,80,89,85,90,89,92,93,94,97,97,100,100,104,104,107,106,110,110,112,114,114,118,116,123,116,128,118,132,118,136,115,140,113,144,109,147,106,150,102,152,98,154,98,158,32,75,30,79,27,83,24,87,22,91,23,95,27,97,31,97,35,95,38,91,41,87,44,84,47,81,49,77,49,72,76,170,70,169,65,166,59,163,53,160,47,159,41,159,35,157,31,153,29,147,31,141,33,135,37,130,39,124,37,119,32,117,33,111,39,109,44,111,47,117,49,122,50,128,49,134,46,140,49,144,52,67,59,68,65,71,71,73,78,75,85,76,92,75,98,76,105,78,112,78,116,83,120,89,122,95,123,102,120,108,115,103,112,97,108,91,102,88,96,84,90,81,83,81,77,80,70,79,63,80,59,85,54,90,49,94,42,96,38,91,118,65,117,72,118,80,121,86,123,94,124,101,125,108,126,116,127,123,128,131,128,138,129,145,130,153,130,160,130,160,124,158,119,162,118,168,120,173,125,177,127,183,128,190,129,196,131,203,134,208,138,213,144,213,148,208,99,159,103,156,107,154,111,151,113,147,117,144,120,141,122,144,119,148,116,152,116,157,115,161,113,166,110,169,107,173,105,178,106,182,111,182,115,184,116,188,114,192,114,196,117,200,119,205,121,209,122,214,126,217,127,220,123,222,118,224
489,61,142,61,138,60,133,58,129,56,125,55,121,56,116,55,112,55,108,57,104,58,99,61,97,65,95,68,91,72,89,76,87,81,86,85,86,90,86,94,87,98,89,100,92,104,95,107,98,109,102,112,106,113,110,115,114,116,118,116,123,117,127,118,131,117,136,115,139,112,143,110,146,106,149,102,151,98,154,98,158,32,75,30,79,27,83,24,86,22,91,24,95,27,98,32,97,35,94,38,90,41,87,44,83,48,81,49,77,49,72,76,171,70,170,64,167,59,164,53,161,47,160,41,159,35,157,31,152,30,146,32,140,35,135,38,130,40,124,37,119,32,117,35,111,40,109,45,112,48,117,50,122,51,128,50,134,47,140,50,144,52,66,58,68,65,71,71,73,78,74,85,75,92,75,99,76,105,78,111,78,117,82,120,88,122,95,124,101,119,106,115,102,112,96,107,91,102,87,96,84,89,82,82,81,75,80,69,79,62,79,59,85,54,90,48,93,42,97,38,92,119,65,117,72,117,79,120,86,123,93,124,100,125,108,125,115,125,123,126,130,128,138,129,145,130,153,130,159,130,159,124,157,119,161,117,167,120,173,126,176,126,183,127,189,129,196,130,202,134,208,138,213,144,213,148,208,99,157,103,154,107,153,111,150,113,146,116,143,119,139,123,139,122,144,118,147,117,152,116,156,113,160,110,164,108,168,106,173,105,177,109,179,113,181,115,185,115,190,114,195,116,199,119,203,121,208,122,212,125,216,127,220,123,223,118,224
490,60,144,61,140,60,135,58,131,56,127,55,123,55,118,55,114,55,109,56,105,59,101,63,100,67,99,72,98,76,96,80,94,84,93,89,93,93,94,98,94,102,96,105,98,109,101,112,104,115,108,118,111,120,115,122,119,123,124,123,128,124,132,124,137,120,140,117,143,114,146,111,150,107,152,103,153,99,154,98,158,32,75,30,79,27,83,25,87,23,91,24,95,27,98,32,98,35,94,38,91,41,87,44,84,48,81,48,77,49,72,76,172,70,171,64,168,59,164,53,160,47,159,40,159,34,157,30,152,29,146,31,140,34,135,39,130,41,124,38,118,32,119,33,113,38,109,44,111,47,116,49,121,50,127,51,134,47,139,49,144,50,66,57,68,64,71,70,73,78,75,85,76,92,75,99,77,105,79,113,78,118,83,122,89,124,96,123,103,122,109,116,106,115,99,110,94,105,89,98,87,92,82,85,81,78,80,71,79,64,79,59,85,55,90,49,94,43,97,38,92,119,65,117,72,118,79,121,86,123,93,125,100,125,108,126,115,127,123,127,130,127,137,129,145,130,152,130,159,130,159,124,157,119,161,118,167,121,172,126,177,127,183,127,189,129,196,130,202,134,208,137,213,143,213,148,209,100,158,104,155,109,156,113,154,116,150,118,145,123,143,127,145,125,149,120,151,117,154,116,159,114,164,110,166,107,170,106,175,108,179,113,179,117,181,118,186,115,189,112,192,115,196,116,201,118,205,121,209,123,214,126,217,122,220,117,222
491,57,142,58,137,57,133,56,128,54,124,53,119,51,115,47,111,44,108,41,104,40,99,44,97,48,95,53,94,58,94,62,92,67,91,72,90,76,90,81,92,85,93,90,96,94,98,98,100,102,103,106,106,109,109,113,112,115,116,117,121,118,125,118,130,118,135,116,139,112,143,109,147,106,150,101,151,96,151,95,155,32,75,29,79,26,82,23,86,22,90,22,95,26,98,31,98,34,96,37,92,40,89,43,85,46,82,49,78,49,73,75,169,69,167,63,164,57,161,51,159,45,157,39,156,33,154,28,150,26,144,28,138,30,132,34,127,38,122,36,116,30,115,29,111,34,107,40,108,44,113,46,119,48,125,47,131,44,137,46,142,52,67,59,68,65,71,72,74,78,75,85,76,92,75,99,77,105,78,112,79,117,83,121,89,123,96,123,103,120,108,115,104,112,98,108,92,102,88,97,85,91,81,84,81,77,80,70,79,63,79,59,85,54,89,48,93,42,95,37,91,118,65,118,72,119,80,121,87,124,94,124,101,125,109,126,116,127,123,128,131,128,138,129,145,130,153,130,158,130,158,124,157,119,161,119,167,122,172,126,177,126,183,128,190,129,196,131,202,134,207,138,212,144,212,148,207,98,157,101,154,106,152,110,150,113,146,116,142,119,139,123,140,120,144,118,148,115,152,113,156,113,161,111,166,108,169,105,174,106,178,110,179,115,181,115,186,114,190,114,195,116,199,118,203,121,207,122,212,124,216,127,220,123,222,118,224
492,56,141,57,136,56,132,55,128,54,123,52,119,50,115,46,111,43,108,41,104,41,99,45,97,49,95,54,94,59,94,63,92,67,91,72,91,77,91,81,93,86,95,90,97,94,99,98,101,102,104,106,106,110,109,113,112,115,117,117,121,117,126,117,130,116,135,114,139,111,143,108,147,104,150,100,150,95,150,94,154,31,75,28,79,25,83,22,86,20,91,22,95,26,98,30,98,34,96,38,92,41,89,43,85,47,81,49,77,49,72,75,169,69,167,63,164,57,161,51,159,44,156,38,155,32,153,27,149,26,142,26,136,29,130,34,125,36,119,31,115,26,113,29,108,35,105,41,108,44,114,47,119,47,126,45,132,42,137,46,141,53,67,60,68,66,70,73,73,79,75,86,76,93,75,99,76,105,77,112,76,117,80,121,86,123,92,124,99,121,105,116,102,112,96,109,91,103,87,97,84,91,81,85,81,78,80,71,78,64,78,60,83,56,88,50,91,44,95,38,92,118,65,118,72,119,80,122,86,124,94,124,101,125,108,126,116,127,123,128,131,128,138,129,145,130,153,129,157,129,157,124,157,121,162,122,168,125,173,127,179,128,185,128,191,130,197,132,202,134,208,138,213,144,212,148,208,98,156,101,152,105,149,109,147,113,144,116,141,121,141,122,145,117,146,113,148,112,153,112,158,110,162,106,165,104,169,103,174,105,178,110,178,114,180,117,184,115,187,113,192,114,196,116,201,119,205,121,209,123,213,126,217,123,221,118,222
493,58,143,59,138,58,134,57,130,55,125,54,121,53,117,50,113,47,110,45,105,44,101,49,99,53,97,58,97,63,97,67,96,72,94,76,94,81,94,85,96,90,98,94,99,98,101,103,104,106,106,111,108,114,112,116,116,119,120,121,124,121,129,121,133,120,138,117,142,114,146,111,149,106,150,102,152,97,153,97,157,32,75,29,78,26,82,23,86,21,91,22,95,26,98,30,98,35,95,37,92,41,88,44,84,48,81,49,77,49,72,75,170,69,168,63,165,57,162,51,159,45,157,38,156,32,154,28,149,28,143,30,136,33,130,37,125,38,119,34,116,27,117,29,110,34,107,40,109,45,113,47,119,49,125,48,132,45,138,47,143,52,67,59,68,65,71,72,73,79,74,86,76,94,75,100,78,107,79,114,81,118,86,121,93,124,99,124,107,120,111,116,106,113,99,109,93,104,89,98,86,92,82,85,81,78,80,71,79,63,79,59,85,54,90,48,93,42,96,37,91,118,65,117,72,119,80,121,86,124,94,125,101,125,108,126,116,127,123,128,131,128,138,129,145,130,153,130,160,130,160,125,158,120,162,119,168,123,174,127,178,127,185,129,191,130,197,131,203,134,208,139,213,145,211,149,207,99,158,103,156,108,155,112,152,114,148,117,144,122,142,126,142,124,146,120,148,117,152,116,157,114,161,111,164,108,168,105,172,107,176,111,179,116,181,117,185,115,190,113,193,116,197,117,202,119,206,122,210,124,214,127,218,123,220,118,222
494,56,141,57,136,56,132,55,127,54,122,51,118,48,115,44,112,41,108,39,104,38,99,42,97,47,95,51,94,56,93,60,91,65,90,70,89,75,89,79,91,83,94,88,96,92,98,96,100,100,104,104,106,108,108,111,112,114,116,116,120,117,125,117,130,117,135,115,139,112,143,110,147,105,149,101,150,96,151,94,155,31,75,28,79,25,83,22,87,19,91,21,96,25,99,30,99,34,96,37,92,41,88,44,84,47,81,50,77,49,72,75,168,69,167,62,164,56,161,50,158,44,156,37,155,31,152,26,148,26,141,27,134,30,128,34,124,36,118,31,115,25,113,28,107,34,105,40,106,43,112,46,118,47,125,45,131,42,137,45,141,53,67,60,68,66,70,73,73,79,75,86,76,93,75,99,76,106,78,112,77,118,81,122,87,124,93,124,100,120,106,115,102,112,96,108,90,102,87,97,84,91,81,84,81,77,80,70,78,64,79,59,84,54,89,49,93,43,95,37,92,119,65,118,72,120,79,122,87,124,94,125,101,125,109,126,116,127,124,128,131,128,139,129,146,130,154,130,159,130,159,125,159,121,163,122,169,125,175,127,181,128,187,129,193,130,198,132,204,135,210,139,214,145,212,149,208,98,157,102,154,106,153,111,150,113,146,116,143,120,140,124,142,120,144,117,147,115,151,114,156,113,161,111,165,109,169,106,173,105,178,109,180,113,180,117,183,116,188,113,192,115,196,117,201,119,205,121,209,123,214,126,218,124,221,119,223
495,56,140,57,136,55,131,55,126,53,122,51,117,48,114,45,110,42,107,40,103,41,99,45,97,49,94,54,93,58,92,63,91,67,89,72,88,76,89,81,91,85,93,89,95,93,98,98,100,101,103,105,105,109,107,112,111,115,115,116,120,117,124,117,129,117,134,115,138,112,142,109,146,106,149,101,149,96,150,94,154,31,75,28,79,25,83,22,87,19,91,22,95,26,98,31,98,35,96,37,92,41,88,44,84,47,81,50,77,49,72,75,168,69,166,62,163,56,161,50,158,44,156,37,154,31,152,26,147,26,141,27,134,30,128,35,123,36,117,31,115,25,114,27,108,33,105,40,106,43,112,46,117,48,124,46,130,43,136,45,141,53,67,60,68,66,71,73,73,79,74,86,76,93,75,99,76,105,78,112,77,117,82,121,87,124,94,123,100,120,106,115,101,112,95,108,90,102,87,96,83,90,81,83,81,76,79,70,79,63,79,59,85,54,90,48,93,42,96,37,91,117,64,117,71,121,78,123,85,125,92,125,100,126,107,127,115,128,122,128,130,128,137,129,144,130,152,130,159,130,159,124,158,119,161,118,167,121,173,126,177,127,183,127,189,129,195,131,201,133,207,138,212,144,213,148,208,98,157,101,154,105,152,110,151,112,147,115,143,118,139,122,141,120,145,116,148,115,152,113,157,111,162,109,166,106,170,105,175,104,179,109,181,113,181,115,185,114,190,113,194,116,199,117,203,120,207,122,212,124,216,127,220,123,222,118,224
496,57,140,58,136,57,131,56,127,54,123,53,119,53,114,52,110,52,105,51,101,54,98,58,95,61,93,65,91,68,88,73,86,77,85,81,85,86,86,90,87,94,89,98,91,102,94,105,97,108,100,111,104,113,107,115,111,116,116,117,120,117,125,117,129,116,133,114,137,111,141,109,144,105,147,101,149,97,150,95,154,32,75,29,79,26,83,23,87,20,91,22,95,25,99,30,99,34,96,37,92,40,88,43,84,48,81,50,77,49,72,75,168,69,166,63,163,57,161,50,159,44,156,38,155,32,152,27,147,26,141,28,135,30,129,35,124,35,117,29,115,26,111,30,106,36,105,42,108,44,113,48,119,48,125,46,131,43,137,46,141,51,66,58,68,64,71,70,73,77,75,84,75,91,75,97,76,103,78,110,78,116,82,119,88,123,94,123,100,119,105,115,102,112,95,108,90,102,87,96,83,89,82,82,81,76,80,69,79,62,80,58,86,54,91,48,94,42,97,37,92,118,65,117,72,118,79,121,86,123,93,124,100,124,108,126,115,127,122,127,129,127,137,129,144,130,151,130,158,130,158,124,156,119,160,118,166,121,171,126,176,127,183,127,189,129,196,131,202,134,208,138,213,144,213,148,208,98,156,102,153,105,150,110,148,113,145,116,141,120,138,122,141,119,145,116,148,115,153,113,157,111,161,109,166,106,170,104,174,105,178,110,179,114,181,115,186,114,190,114,195,116,199,118,203,120,207,122,212,125,216,127,220,123,222,118,223
497,60,143,61,139,60,134,58,131,57,126,56,122,55,118,58,114,59,110,60,106,61,102,63,99,67,97,71,95,75,93,79,91,83,91,87,90,92,90,96,90,100,92,103,95,106,98,110,101,112,104,115,107,117,111,119,115,119,120,119,124,120,128,119,133,117,137,114,140,111,143,109,147,107,150,103,153,99,154,98,158,32,75,29,78,27,83,24,86,22,91,23,95,26,98,31,98,35,95,38,91,40,87,43,84,47,81,49,77,49,72,75,171,69,169,63,166,58,163,52,160,45,159,39,158,33,155,29,150,29,144,31,138,34,133,38,128,40,121,35,118,30,116,33,110,38,108,44,111,46,117,50,122,50,128,49,134,46,140,49,144,51,66,57,68,64,70,70,73,77,75,84,76,90,76,97,75,103,78,110,77,116,80,120,85,122,92,123,99,120,104,115,101,112,95,107,90,101,87,96,83,89,82,82,81,76,80,69,79,62,79,58,84,54,90,48,93,42,97,38,92,118,65,117,72,118,79,121,86,123,93,124,100,124,107,125,115,126,122,127,129,127,136,129,144,130,151,130,157,130,157,124,156,119,160,118,166,121,171,126,175,127,182,128,188,129,195,131,201,133,207,137,212,143,212,148,208,99,157,103,155,108,154,111,151,113,147,117,143,120,140,124,140,122,144,118,148,116,152,115,157,113,161,110,165,108,169,105,173,106,178,111,179,115,180,116,185,115,190,114,194,116,198,117,203,120,207,122,211,124,215,127,219,123,221,118,223
498,59,143,60,139,58,134,57,130,55,126,54,121,52,117,49,113,46,110,46,105,48,101,52,99,57,99,62,99,66,98,71,97,75,96,80,95,85,95,89,96,94,97,98,98,102,100,106,104,109,107,112,110,115,114,118,117,120,121,122,126,122,130,123,135,122,139,118,142,115,145,112,149,107,150,103,151,98,153,97,156,32,75,29,79,28,83,25,86,23,90,24,95,27,98,31,98,35,95,37,91,40,88,43,84,46,82,48,77,49,73,76,172,70,170,64,167,59,164,53,161,46,160,40,159,34,156,30,151,28,145,31,139,34,134,38,129,39,123,37,118,31,117,33,111,38,108,43,111,46,116,49,122,50,128,49,134,46,139,49,144,52,67,59,68,66,72,73,73,81,74,88,76,95,75,102,79,108,78,115,80,119,86,122,93,124,100,125,107,122,113,117,109,115,102,111,95,107,89,100,88,95,83,87,82,80,81,72,79,65,79,60,84,55,89,48,93,42,96,37,91,117,64,117,71,118,79,121,86,123,93,124,100,125,107,126,115,127,122,128,129,127,137,129,144,130,151,130,158,130,158,124,156,119,159,118,166,121,172,126,176,127,182,127,189,129,196,131,202,134,208,139,213,145,213,149,208,99,157,104,155,109,155,113,153,115,149,118,145,122,142,127,141,125,146,121,148,118,152,117,157,114,161,113,166,109,169,106,173,109,177,114,179,118,182,118,187,114,189,112,193,115,197,117,201,119,206,122,210,124,215,127,218,123,221,118,223
499,57,142,58,137,57,133,56,128,55,124,53,119,50,115,47,111,44,107,41,104,39,99,41,96,46,95,51,95,56,95,61,95,65,95,70,94,75,95,80,95,84,96,89,98,94,99,98,102,102,104,106,107,110,110,113,113,115,118,117,122,118,127,119,132,118,136,115,140,113,144,109,147,105,151,101,151,96,150,95,154,32,75,29,78,27,83,25,87,23,91,24,95,27,98,31,98,35,96,38,92,41,88,43,84,47,81,49,78,49,73,76,170,70,168,64,165,58,162,52,159,46,158,39,157,33,155,29,150,27,144,28,138,30,132,34,127,37,121,36,115,30,115,32,109,37,106,42,109,45,115,48,120,48,126,47,132,44,138,47,142,53,66,59,68,66,71,72,73,79,75,85,76,92,75,99,76,105,77,111,77,117,81,121,86,122,93,123,99,121,106,116,103,112,97,108,92,102,88,97,84,91,81,84,81,77,80,71,78,64,79,59,83,54,88,49,92,43,94,37,91,117,64,117,71,119,78,121,85,124,92,124,100,125,107,126,114,127,122,127,129,128,136,129,144,130,151,129,156,129,156,123,155,118,160,119,166,123,171,126,176,127,183,128,189,130,196,132,202,135,208,139,213,145,214,148,208,98,155,102,153,106,151,110,149,113,145,116,141,121,139,124,141,120,144,117,148,115,153,113,157,111,161,109,166,105,169,105,173,109,176,113,178,117,181,116,185,112,189,113,194,116,198,118,202,120,206,122,211,125,215,127,219,123,222,118,223
500,59,144,60,140,60,135,57,131,57,127,55,122,53,118,51,114,49,110,48,106,49,101,53,99,57,99,62,100,66,100,71,99,75,98,80,98,84,98,89,99,93,100,98,101,102,103,106,106,109,108,113,111,116,114,118,118,120,122,122,127,123,131,123,136,120,139,117,142,114,146,110,149,106,151,102,152,97,153,97,157,32,75,30,79,27,83,25,87,23,91,24,95,27,98,32,98,35,95,38,91,41,88,44,84,47,81,48,77,49,72,76,172,70,171,65,167,59,163,53,160,47,159,41,159,35,157,30,152,29,146,31,139,34,134,39,129,40,123,37,118,32,117,33,110,39,108,45,111,47,116,50,122,50,128,49,134,46,140,49,144,52,66,59,68,65,72,73,73,80,74,87,76,94,75,100,79,107,79,114,81,118,86,121,93,123,100,124,108,122,114,116,109,114,102,111,96,106,90,99,88,94,83,87,82,79,81,72,79,65,79,59,83,55,89,48,93,42,96,37,91,118,65,117,72,118,79,121,86,123,93,124,100,125,108,126,115,127,122,127,129,127,137,129,144,130,151,129,157,129,157,123,155,118,159,118,166,122,171,126,176,126,182,128,189,129,195,131,202,134,207,138,213,144,213,148,208,99,156,104,154,108,154,112,151,115,147,118,144,122,141,127,140,126,144,121,147,118,150,117,155,114,159,111,163,108,167,106,171,109,175,113,177,117,180,116,185,113,188,113,192,116,196,117,201,119,205,122,209,125,213,127,217,123,220,118,221
501,58,142,59,138,58,133,56,129,56,125,53,121,53,116,51,113,54,110,55,106,57,103,61,101,66,102,70,100,74,100,78,97,82,96,87,95,90,93,95,94,99,96,102,99,106,102,109,105,112,108,116,112,119,115,121,119,122,123,122,128,123,132,122,136,120,140,116,143,113,146,110,150,106,151,102,152,98,155,98,159,32,75,29,78,27,83,25,87,23,91,24,95,27,98,31,97,35,95,38,91,40,87,43,84,47,81,48,77,49,72,76,172,70,169,65,166,59,163,53,161,47,160,40,159,34,156,30,152,29,145,31,139,34,134,38,129,39,123,36,118,32,117,34,111,39,109,44,111,46,117,49,123,51,129,49,135,45,140,49,144,51,66,58,68,64,71,71,74,78,75,85,76,93,75,99,78,106,79,113,79,117,85,120,92,123,98,124,105,121,112,117,108,114,101,110,96,105,90,99,87,93,83,86,82,79,80,72,79,64,79,60,84,55,89,49,93,43,96,37,92,117,65,117,72,118,80,121,87,123,94,124,101,125,108,126,116,127,123,128,130,127,137,129,145,130,152,129,158,129,158,123,157,119,161,119,168,123,172,126,177,127,183,128,190,129,196,131,202,134,207,138,212,143,212,148,208,100,159,104,156,109,157,113,156,115,151,118,147,122,145,127,145,125,149,120,151,118,155,117,160,115,164,111,167,107,170,108,175,110,179,115,179,119,182,118,187,115,190,112,193,115,196,117,201,119,205,122,209,123,214,126,218,122,220,117,222
502,58,142,59,138,58,133,56,129,56,125,53,121,52,117,50,113,52,110,54,106,56,102,60,100,64,101,68,100,73,99,77,97,81,96,86,94,90,93,94,94,99,95,101,98,105,101,108,104,111,107,114,111,117,114,120,118,122,122,122,126,123,131,122,135,121,139,117,142,114,145,111,149,107,150,103,152,99,155,98,159,32,75,29,78,28,83,25,86,23,91,24,95,27,98,31,97,35,95,38,91,40,87,43,84,47,81,48,77,49,72,76,172,70,171,64,168,59,164,53,161,47,159,41,159,35,156,30,152,29,146,31,139,34,134,38,129,39,123,36,118,32,116,34,110,40,108,45,112,46,118,50,123,51,129,49,135,45,140,49,144,51,66,58,68,65,71,71,73,78,75,86,76,93,75,99,78,106,78,113,80,117,85,121,92,123,98,123,106,121,112,117,108,114,101,109,95,105,90,99,87,93,83,86,82,79,80,72,79,64,79,60,84,55,89,49,93,43,96,37,92,118,64,117,71,118,79,120,86,123,93,125,100,125,107,126,115,127,122,127,130,127,137,129,144,130,152,130,160,130,160,124,158,119,161,118,167,121,172,125,177,127,183,128,189,129,195,131,201,133,207,138,212,144,213,148,208,100,158,105,158,109,158,113,156,114,151,117,147,121,144,126,142,126,146,123,150,119,152,119,157,117,162,114,166,109,168,107,172,110,176,114,178,118,180,118,185,115,189,112,193,115,197,118,201,119,206,122,210,125,214,126,218,122,220,117,222
503,59,144,60,139,60,135,58,131,56,126,54,122,52,118,50,114,49,110,48,105,50,101,54,100,59,101,64,101,68,100,73,99,77,97,82,97,86,97,91,98,96,98,100,100,104,102,107,105,111,108,114,111,117,115,120,119,122,123,124,127,124,132,124,136,123,140,120,143,116,147,113,149,108,151,104,153,100,155,98,158,32,75,29,79,27,83,25,87,23,91,24,95,27,98,32,97,36,95,38,91,41,87,44,84,48,81,49,77,49,72,76,172,70,170,64,167,58,164,53,161,46,159,40,158,34,156,29,152,28,145,30,139,33,133,37,129,39,122,36,117,31,116,33,110,38,107,43,110,46,116,49,121,50,127,49,133,46,139,48,144,52,67,59,68,66,71,72,74,80,75,87,76,94,75,100,79,107,80,113,82,117,89,121,95,123,102,124,109,120,114,116,109,113,102,109,96,105,91,98,88,93,83,85,82,78,80,71,79,64,79,59,84,55,89,49,93,42,96,37,92,117,65,118,72,119,80,121,87,124,94,125,101,125,108,126,116,127,123,128,131,128,138,129,145,130,153,130,161,130,161,124,159,119,163,118,169,121,174,126,178,127,184,128,191,130,197,131,203,135,209,139,214,145,212,149,207,101,159,105,157,110,158,113,154,115,150,118,146,123,144,127,146,124,150,120,152,118,156,117,161,114,164,110,168,107,172,105,176,110,178,115,178,118,181,116,186,113,189,112,193,115,197,117,202,120,206,123,210,126,214,127,218,123,220,118,222
504,58,143,59,138,58,134,57,129,55,125,54,121,51,117,48,113,46,109,44,105,44,100,48,98,53,98,58,98,63,98,67,96,72,96,77,96,81,95,86,96,90,98,95,99,99,100,103,102,107,105,111,109,114,112,116,116,118,120,120,125,121,130,121,134,121,139,117,142,114,146,111,149,106,151,102,153,98,154,97,158,32,75,29,79,27,83,25,87,23,91,23,95,26,98,31,98,35,96,38,92,40,88,43,84,46,82,48,78,49,73,76,171,70,170,64,166,58,163,52,160,46,159,39,158,33,155,29,150,28,144,30,138,33,132,37,127,38,120,34,116,29,115,32,109,38,107,43,110,46,115,48,121,49,127,49,134,45,139,48,144,52,67,59,68,65,71,72,74,79,75,86,76,93,75,99,78,106,81,112,84,116,90,119,96,122,103,122,110,119,113,114,107,111,101,107,95,102,90,96,86,91,82,84,81,77,80,70,79,63,79,59,85,54,90,48,94,42,96,37,91,117,65,118,72,119,80,121,87,123,94,124,101,125,109,126,116,127,123,128,131,128,138,129,145,130,153,130,160,130,160,124,159,119,163,119,169,122,174,126,178,127,184,128,190,130,196,131,202,134,208,138,213,144,212,148,207,100,158,104,156,109,157,112,154,114,149,117,145,122,143,127,143,124,147,120,150,118,155,117,159,114,164,110,167,106,171,104,175,108,177,113,176,118,179,116,183,113,187,113,192,115,197,117,201,119,206,123,210,125,214,127,218,123,220,118,222
505,56,142,58,138,57,133,56,129,55,124,53,119,51,115,48,112,45,108,43,104,42,99,46,97,51,96,55,96,60,96,65,94,69,93,74,93,79,93,83,93,88,94,92,96,97,97,101,100,105,103,108,106,111,110,114,114,116,118,118,122,119,127,119,132,118,136,116,140,113,144,110,147,106,150,101,152,97,153,96,157,31,75,28,79,27,83,24,87,23,91,24,95,27,98,32,99,35,96,38,92,41,88,43,84,47,81,49,78,49,73,76,170,70,168,64,165,58,162,53,159,46,158,40,157,34,154,29,150,27,144,27,137,30,131,34,126,36,121,35,115,29,114,31,108,36,105,42,107,45,112,46,118,48,124,47,131,44,137,46,142,52,67,59,69,65,71,72,73,78,75,85,76,92,76,98,78,105,81,111,83,115,89,117,95,120,101,121,108,117,111,113,106,109,100,105,94,100,90,95,85,90,81,83,81,76,81,69,79,63,80,58,86,53,90,47,94,41,96,37,91,117,65,118,72,119,79,120,87,122,94,124,101,125,108,126,115,126,122,127,129,128,137,128,144,129,151,130,159,130,159,124,157,119,160,118,167,120,172,125,176,127,182,127,189,129,195,130,201,133,207,137,212,143,212,148,208,99,158,103,155,108,156,111,152,113,147,117,144,122,142,126,142,123,145,119,148,117,153,116,158,113,162,109,166,106,170,103,174,107,176,113,176,117,179,116,183,114,188,113,192,115,197,118,201,120,206,123,210,125,214,127,218,123,220,118,222
506,56,141,57,136,56,132,55,127,54,123,53,118,50,114,47,110,45,106,42,102,41,98,45,96,50,95,55,95,60,95,64,93,69,91,73,91,78,91,83,91,87,93,92,94,96,96,101,98,104,101,108,104,111,108,114,112,116,116,117,121,118,126,118,130,118,135,116,140,113,143,109,146,106,149,101,151,96,152,95,156,32,75,29,79,27,83,24,87,23,91,23,96,27,99,32,99,35,97,37,92,40,89,43,85,46,82,49,78,49,73,76,169,70,167,64,164,58,161,52,158,46,157,40,156,34,153,29,149,26,143,27,137,29,131,33,125,35,119,34,114,28,112,31,107,36,103,41,107,44,113,47,118,47,124,47,131,43,136,45,141,52,67,59,69,65,70,72,73,78,76,85,76,91,76,98,78,104,80,110,83,114,89,117,95,120,101,121,108,117,112,113,107,109,101,105,96,101,90,95,86,90,82,83,82,77,81,70,79,63,80,59,85,54,89,48,93,42,96,37,91,117,65,118,72,119,79,121,86,123,93,123,100,124,107,125,114,126,121,127,129,127,136,128,143,129,150,129,158,129,158,123,156,118,160,118,167,122,172,126,177,127,183,128,189,129,196,130,202,134,207,138,212,144,214,148,209,99,157,103,154,108,154,111,150,114,147,118,143,122,140,125,142,122,145,118,149,117,153,115,158,112,162,109,165,107,169,106,173,111,174,115,177,116,182,114,186,112,190,113,195,117,198,119,202,122,206,123,211,127,214,127,219,123,221,118,222
507,56,141,57,136,56,132,55,127,54,123,53,118,51,114,47,111,45,107,43,102,43,98,47,97,52,95,56,94,61,93,65,91,69,89,74,89,79,89,83,89,88,91,92,93,97,95,101,97,104,101,107,104,110,108,113,112,115,116,117,120,118,125,118,130,118,134,116,139,113,142,110,146,106,149,102,151,97,151,95,155,32,76,28,79,27,83,24,87,23,92,24,96,27,99,32,99,35,96,37,92,40,88,43,85,47,81,50,78,49,73,76,168,70,166,64,163,58,160,52,158,45,157,39,155,33,152,29,147,26,141,26,135,30,129,34,125,35,118,33,113,28,112,30,106,36,104,42,106,44,112,46,118,47,124,46,130,43,136,45,141,52,67,59,69,65,70,72,73,78,76,84,76,91,76,98,77,104,80,110,83,114,88,116,95,118,101,120,107,117,112,112,107,109,101,105,96,100,90,95,86,90,82,83,82,76,81,70,79,63,80,59,85,54,89,48,93,42,96,37,92,117,65,118,72,119,79,120,86,122,93,123,100,124,107,126,114,126,121,127,129,127,136,128,143,129,150,129,158,129,158,123,156,118,160,118,166,122,171,126,176,126,182,127,188,129,195,131,201,134,207,138,212,144,213,148,208,98,155,102,152,107,151,111,148,115,144,118,140,123,138,126,141,122,144,118,147,117,152,115,157,111,161,108,165,105,169,106,172,111,171,115,173,117,178,114,181,112,186,112,191,115,195,118,200,121,204,123,209,126,213,127,217,123,220,118,222
508,56,141,57,136,56,132,55,127,54,122,53,118,50,114,47,110,45,106,43,101,43,97,48,96,52,95,57,94,62,93,66,90,70,89,75,89,80,89,84,90,89,92,93,94,98,95,102,98,105,101,108,104,112,108,114,112,116,117,117,121,118,126,119,131,119,135,116,139,113,143,109,146,106,149,101,150,96,151,95,155,32,76,28,79,27,83,24,87,23,92,23,96,27,99,32,99,35,96,37,92,40,88,43,85,47,82,49,78,49,73,76,168,70,167,64,164,58,161,52,158,45,157,39,155,33,153,28,148,26,142,27,135,30,129,34,124,35,118,33,113,28,111,31,106,37,104,42,107,44,113,48,118,47,125,46,131,43,137,46,141,52,67,59,69,65,70,72,73,78,76,84,76,91,76,98,77,104,80,110,83,114,88,115,95,118,101,120,108,117,111,112,107,109,101,105,96,100,91,95,86,90,82,83,82,76,81,70,79,63,80,59,85,54,89,48,93,42,96,37,92,118,65,118,72,118,79,120,86,121,93,123,100,124,107,125,114,126,121,127,129,127,136,128,143,129,150,129,157,129,157,123,155,118,159,118,166,121,171,126,176,127,183,128,189,129,196,131,202,135,208,139,213,145,213,149,208,99,156,103,153,107,151,112,149,115,145,118,142,122,139,125,140,122,144,119,148,117,153,114,157,111,161,108,165,104,168,105,171,110,172,114,174,116,179,114,184,112,188,113,193,116,197,119,201,121,205,123,210,127,213,127,217,123,220,118,222
509,56,141,56,136,55,132,55,127,54,122,52,118,50,114,47,110,45,106,43,102,43,98,48,96,52,95,57,94,62,92,65,89,70,89,74,88,79,88,84,89,88,91,93,93,97,94,101,97,105,100,107,104,111,107,114,111,115,115,117,120,118,125,118,129,118,134,115,138,113,142,110,146,106,149,102,151,97,151,95,155,32,76,28,79,27,83,24,87,23,91,24,96,27,99,32,99,35,96,37,92,40,89,42,85,46,81,49,78,49,73,76,168,70,165,64,163,58,160,52,158,46,157,39,155,33,153,29,149,26,143,27,136,30,130,33,125,35,119,33,113,28,112,30,106,36,104,41,107,44,112,47,118,47,124,46,131,43,136,45,141,52,67,59,69,65,70,72,73,78,75,85,76,92,76,98,78,105,80,110,84,114,89,116,96,119,102,121,108,117,112,112,107,109,101,104,96,100,91,95,86,90,82,83,82,76,81,69,79,63,79,59,85,54,89,48,93,42,96,37,92,117,65,118,72,118,79,120,86,121,93,123,100,124,107,125,114,126,121,127,128,127,136,128,143,129,150,129,157,129,157,123,156,117,159,117,166,120,171,125,174,126,181,127,187,129,193,131,199,133,205,137,211,143,213,147,209,98,156,102,153,107,151,111,149,114,145,118,141,122,139,125,142,121,145,117,148,116,153,113,158,110,161,107,166,104,169,105,173,110,173,114,173,117,178,114,182,113,187,112,192,115,196,118,201,121,205,123,210,126,213,127,217,123,220,118,222
510,56,140,57,136,55,131,55,126,53,122,52,117,50,113,47,110,44,105,42,101,42,97,47,96,51,94,56,93,61,92,65,90,69,88,74,88,79,88,83,89,88,91,92,93,97,94,101,97,104,101,107,104,111,107,114,111,115,115,117,120,118,124,118,129,119,134,117,138,114,142,110,145,106,148,102,149,97,150,95,154,32,76,28,79,27,83,24,87,23,92,24,96,27,99,32,99,35,96,37,92,40,88,43,85,47,82,49,78,49,73,76,168,70,166,64,163,58,160,52,158,45,157,39,156,33,153,29,148,26,142,27,136,30,130,34,125,35,119,33,113,28,112,31,106,36,104,42,107,44,113,46,118,48,125,46,131,43,136,46,141,52,67,59,69,65,70,72,73,78,76,85,76,91,76,98,78,104,80,110,83,114,89,116,95,119,102,120,108,116,112,112,107,108,101,104,96,100,90,95,86,89,82,82,82,76,81,69,79,62,80,58,85,53,90,48,93,42,97,37,92,117,65,118,72,118,79,120,86,122,93,123,100,124,107,125,114,126,121,127,128,127,136,128,143,129,150,129,158,129,158,123,156,117,158,117,165,119,170,125,174,126,180,126,187,129,193,131,199,133,205,137,211,142,213,147,209,98,155,102,152,108,152,111,148,115,143,119,140,125,140,122,144,117,147,116,152,115,158,110,161,107,165,103,170,103,173,109,173,114,171,118,174,120,179,116,182,111,185,111,191,115,195,118,200,121,204,124,209,127,214,127,218,122,220,117,222
511,56,140,56,135,55,131,55,126,53,121,52,117,50,113,46,109,44,105,42,101,43,97,47,96,51,94,56,93,61,91,65,89,69,88,74,88,79,88,84,88,88,90,92,93,97,94,100,97,104,101,107,104,111,107,114,110,116,115,117,119,118,124,118,129,118,133,116,138,114,142,110,145,106,148,102,149,97,150,95,154,32,76,29,79,27,83,24,87,23,91,23,96,27,99,31,99,34,96,37,92,40,89,43,85,46,81,49,78,49,73,76,167,70,165,64,162,58,160,52,158,45,157,39,155,33,152,29,147,26,141,27,135,30,129,34,124,36,118,33,113,27,112,30,106,36,104,41,107,44,113,47,118,47,125,46,131,43,137,46,141,52,67,59,69,65,70,72,73,78,76,85,76,92,76,98,78,104,81,110,84,114,89,116,96,119,102,121,108,117,112,112,107,109,101,104,96,100,90,95,86,89,82,82,82,76,81,69,79,62,80,58,85,53,90,48,93,42,97,37,92,118,65,118,72,118,79,120,86,122,93,123,100,124,107,124,114,125,122,126,129,127,136,128,143,129,150,129,156,129,156,123,154,118,158,117,165,121,170,126,174,126,181,127,187,129,194,131,201,134,207,138,213,144,214,148,208,98,154,103,152,108,152,111,148,114,144,119,141,124,138,124,142,120,145,117,149,117,154,113,158,108,161,106,166,102,170,105,173,110,172,115,173,118,177,114,180,111,184,112,190,114,195,117,199,120,204,122,208,126,213,127,217,123,220,118,222
512,56,140,56,135,55,130,55,126,53,121,52,116,49,113,47,109,43,105,41,101,43,97,47,95,52,94,57,93,61,91,65,89,70,87,75,87,79,87,84,89,88,91,93,92,97,95,101,97,104,101,108,104,112,107,114,111,116,115,117,120,118,125,118,130,118,134,116,139,113,142,109,146,105,149,101,149,96,150,94,154,32,76,28,79,27,83,24,87,23,92,24,96,27,99,32,99,35,96,37,92,40,89,43,85,46,82,49,78,49,73,76,168,70,165,64,163,58,160,52,158,46,157,39,156,33,153,29,148,26,142,26,136,29,130,33,125,35,119,33,113,27,112,30,106,35,104,42,106,43,112,46,117,47,123,45,130,43,136,45,141,52,67,59,69,65,70,72,73,78,76,85,76,92,76,98,78,104,81,110,84,114,89,116,96,119,102,121,108,117,112,112,107,108,101,104,96,100,90,95,86,89,82,82,82,76,80,69,79,62,80,58,85,53,90,48,93,42,97,37,92,117,65,118,72,119,79,120,86,122,93,123,100,124,107,125,114,126,121,126,128,127,135,128,142,129,149,129,156,129,156,122,155,118,159,118,165,122,170,126,175,126,182,127,188,129,195,131,201,135,207,139,212,144,214,148,209,98,155,102,152,107,152,111,149,113,144,117,141,121,137,124,137,123,142,119,146,118,150,115,155,112,158,109,162,106,167,107,170,112,171,115,174,116,179,113,183,112,187,113,192,115,197,119,201,121,205,123,210,126,213,127,217,123,220,118,222
